TESTRUNID EPOCH: 99 L_PCC: 0.7693826416787755 L_ERR: 0.006336417474805642 T_PCC: 0.5630723065743544 T_ERR: 0.010838268988546123
180 LAYER: 1
5 LAYER: 2
1 LAYER: 3
99 :ILEARN
0.21360959962759224	0.15487207668339048	0.11926968878401069	0.06804643908481055	0.26518426992714766	
0.11194689905880555	0.03636893666250473	0.1648867140064971	0.07943811899823212	0.28269185250312306	
-0.0750464439461566	0.006858451526143211	-0.10523163119180458	0.05128790425396329	-0.1811060056194809	
-0.06758612996897034	-0.06841830217605838	-0.08355435543841018	-0.11968153699819528	-0.18241462844750514	
0.12370507555302379	0.1239989950964078	0.02367936940966564	0.06650463019123509	0.16859869491113452	
0.12119374443187964	-0.06252937574050978	-0.05110721102830632	-0.04680035114214077	0.1402189747455809	
-0.42752351511693854	-0.22637209810788664	-0.26259987383981565	-0.1980449765398289	-0.4382482504029938	
0.12187021183301493	0.11095905129897042	0.21723934303419196	-0.026118253412905176	0.2913978766406106	
-0.029939536329588557	-0.019646943828691477	-0.16552936916421349	-0.006095940311554971	-0.2408616137123525	
0.01390137783066328	0.08350829554878018	-0.016009644316871602	-0.03878956908826938	-0.05081799801536032	
0.02534615062314883	0.08065106218015895	0.04907577137623604	-0.007807579101387481	0.18907758178722542	
0.28344553909980236	0.20087351622622807	0.29334010201482874	0.19405693976014682	0.610741137247343	
-0.2294570966554609	-0.10102739316049064	-0.1133319624140454	-0.09182828238490576	-0.3053392341235141	
-0.457288064488602	-0.2546953469563367	-0.44842919496513745	-0.1883131002660711	-0.6064242121094194	
0.1446977077742766	-0.042748484669989456	-0.012294811904580842	0.08935814004450461	0.0717952332763443	
0.049756822059752064	0.14493427065193712	0.08250582563755374	0.11013482766840851	0.20987273890688105	
-0.009472912308803899	-0.0290562960021556	-0.04315574598735432	-0.07841434678359999	-0.17640252925896638	
-0.05252264531662527	-0.07989436734241114	-0.03909344842113397	-0.02635929555253069	-0.16668226089452878	
-0.09825600977182988	0.07046758176172829	-0.03253307504214467	-0.002518350230275133	-0.04618655736088004	
0.07905035316985914	0.14969568006998887	0.15293442056396825	-0.028214154414182256	0.22622895884825878	
-0.11811850575923412	-0.04295269798020509	0.016539131166481306	-0.07279598027979503	-0.04152400378929389	
0.2956587212070263	0.041000991120075846	0.35034742648630324	0.17348050947232946	0.48821931111065203	
-0.06341976501762146	-0.07118678412018935	0.08873167681491734	0.040921745135525385	-0.08395548354555143	
0.08032590132438572	0.06511958994200992	0.11310529661564968	0.05605686128811046	-0.033138127014987744	
-0.11293748340693455	-0.101754111872947	-0.10758079611520506	-0.057354327539113334	0.05972659223645637	
0.19028992161980676	0.10482893021532465	0.24679441911368882	0.0205008642792896	0.21652897898915782	
0.21851250541858844	0.19150371157047286	0.20503827739045433	-0.005343869428097067	0.359665338066028	
-0.022703557267305816	0.07423446319120698	0.01402290924345694	0.08529052848182465	0.09664683349721397	
0.2163102116259191	0.023522410562106102	0.10192057834678718	0.01292053720293588	0.2065802906431679	
-0.35799340691540543	-0.2381864782235301	-0.2505035901249691	-0.1673015303513866	-0.4639642461381723	
-0.16486819464095648	0.02349390017283973	-0.08355035630868031	-0.12307011417221832	-0.1407756897010028	
0.10889365497786255	-0.03206248745836312	0.07259176021685702	0.1202814456351129	0.15771482235842016	
-0.28116359094813576	-0.12954745511959512	-0.19931357828759555	-0.05497976553597714	-0.3932425550857497	
-0.08657539190465897	-0.08599330465199809	0.013312353549317327	0.020664401593061977	0.049048791906490384	
-0.010286767482814572	0.10510970133740503	0.03856848085203394	-0.0072212606853219435	0.058900985017796705	
0.25485527866762053	0.13965988499110266	0.15479044347880164	0.019088283018724218	0.2786492826209191	
-0.33257458285259456	-0.2709015369906356	-0.31120728498227423	-0.2776764654963529	-0.551304770517723	
0.0698104642101647	-0.05703787979116774	0.036466699147697554	0.008964410788227854	0.09784468966541227	
0.1627769930218409	0.018797256146251582	0.25136307161543725	0.15545151467037704	0.39557271224737667	
-0.2793659023250541	-0.3003580547017535	-0.40072161275591767	-0.1776942743369104	-0.4121300367152446	
-0.008755598685490674	-0.05662189748213681	-0.004491257338953569	-0.03684567657209935	-0.1590121988193554	
0.23077946469723093	0.13781122044469718	0.24041862001710598	0.19873127761400394	0.43193274488838607	
0.04584753211750336	0.12278208563093443	-0.005523660160764908	-0.04510142171043287	0.02207552482924273	
0.14120735961484226	-0.0350234937997369	0.22924196076727324	0.12422835368444138	0.1258254214530718	
-0.03142669715657321	-0.017943797783273503	-0.04254187115864026	0.07641753646304647	0.01813528595072501	
0.13060983345281724	0.03493408977958417	0.11599140492336117	0.08617744110263245	0.15452088261937919	
0.08605965204188167	0.05569406534448022	0.15132068900250856	0.0012195745407303116	0.14026977969514495	
0.18373243908850145	-0.014114455675214632	0.17836512962609072	0.06852401019699565	0.3034613228732895	
-0.040204863207552365	0.07382310100588006	0.013818722884067335	-0.06790034029462053	0.05575764656714593	
-0.14232098451317932	-0.19304578295100747	-0.18361162038559012	-0.07208634382804532	-0.13115363922131232	
-0.22119885736710374	0.02341634916592185	-0.14506283602190612	0.03379496290734631	-0.13744997956524357	
0.17111381282540586	0.06207350855828052	0.1224835919001805	0.004074830664274341	0.16027158481204093	
-0.13658304248284137	-0.027837124544651662	-0.1243450537735709	-0.05469053765890935	-0.17246543664933248	
-0.12088402228631284	-0.04396359323822916	-0.1070503021321313	-0.09342046510850482	-0.1237545479303999	
0.03573045960777497	-0.033192421469865785	0.04882466783196171	-0.010473100906297253	0.17739537723963564	
0.046287711810576275	-0.05684080087814101	0.00803429573695452	-0.026987331602439463	0.09371749114996224	
0.038926451843971525	0.055197383602742615	-0.00908839645229464	-0.0691723993928708	-0.09718304162730217	
-0.13154769788974988	-0.10003814239339807	-0.13027471719713693	-0.08001590147098431	-0.23876326362395492	
-0.014090314435087944	0.04465078508899235	0.005143503917861545	-0.009473716234780162	-0.06295483472426842	
-0.08446141531277153	-0.029322788368520286	-0.0840497408565408	0.090547316197904	-0.048918916474058625	
-0.01685188388455807	0.030683809464099033	-0.03474861802233424	-0.026644427465046916	-0.1693412876965024	
0.08106682981751508	0.006710875336745832	0.03631763217532824	0.05853543740142805	0.08112391079833509	
0.0610149464856947	0.06200022652062348	-0.0637692118838231	-0.09534039716135957	-0.09817925570096489	
-0.08494980260879383	-0.023366093272483842	-0.1508218643541428	-0.11193863771621436	-0.03622897201840527	
-0.08189616878663715	-0.015746413611657614	-0.11659659950371637	-0.11382211070139844	-0.09315275939738889	
0.047253398844722204	-0.04603187042281241	0.06862977400933432	0.03680023210555531	0.09847671793419717	
-0.24046441942559185	-0.0659689696179697	-0.23692284320437082	-0.10744741418753694	-0.1627147405852202	
-0.09982660749159343	-0.06908113056352422	0.07272957378875566	0.031495401960167264	0.06563257935955669	
0.1382550186239575	0.1217901699378864	0.12974933866579139	0.1005464645300216	0.019823737401104134	
0.012763276359165203	0.02476204478404452	-0.0037074054410525196	0.04422027503723471	-0.10911738677935064	
0.18388735595950198	0.10703129946523901	0.07439882292358935	0.01219122447002981	0.21847014678922325	
0.025110985550243797	0.0864230762741266	0.04362383078101517	0.08389337278596656	0.17382318717910714	
-0.06873430492172213	-0.08696815040840762	0.053102866343759235	-0.006070743903068773	0.05190392619156309	
0.0438741067774446	0.1043093010837455	0.019407561947823594	0.01126390641810513	-0.06154803536083433	
0.0069062303576423924	-0.08573872273422398	-0.01512665490065839	0.048901822788040526	0.016840038717532743	
-0.009029314652995725	0.07624991307384157	0.055452956022608656	0.04467199183344775	-0.01611276728498133	
0.056420787033594655	0.04668205373007262	0.15787351794877413	-0.026387401356015396	0.045405700284489536	
-0.06876400703715718	0.03300742130603969	-0.039039551205412866	-0.1024803686593448	-0.038421494276168984	
-0.05353354672600728	0.05791059920983527	-0.035287926920380706	-0.09372354381541632	0.03050898524244513	
0.059178094422474084	-0.026881677668375608	0.043623587355976254	0.0021705974489514205	-0.0002191598043790479	
0.05500899253479071	0.02528075752373529	-0.14131066212257723	0.012390730671535908	-0.06275176368239141	
0.21500591256303495	0.004500658774114626	0.07478892689553643	-0.027073989213673103	0.17577402757856178	
-0.06310972833270252	0.003619939163773441	0.06802509144220775	0.01702757399608415	0.10424211393522244	
0.04179539030727058	0.1031846620377865	0.05162034574691771	0.09912218782111504	0.13240547526193072	
-0.03791518427943045	-0.07083827950577931	-0.06594460460177702	-0.07458654411783866	0.05026371601978365	
-0.08629163591558309	-0.10570291860108434	0.0352984990225153	-0.03202991773089737	0.04285351305478553	
0.135358621236505	0.06199083581978806	0.13592953101091837	0.06509787477783233	0.27381376909150434	
0.05175247991234871	0.10589963586877264	-0.015479383207935892	0.08019415698917957	0.05919401781507931	
-0.00537968899080626	-0.11111295395206759	-0.018476211382081446	-0.10763940641971557	0.05815482441675337	
0.042691481261339544	0.028730496110129462	0.043156994048194286	-0.09613858541759897	-0.11391134717444709	
-0.09106244198685627	-0.011388629525734389	0.032134194555369595	0.06460819798972925	-0.016246786236031072	
0.26702759907875484	0.19161802229694175	0.19929126333262034	0.05646411241688019	0.25614339570397726	
-0.08148580763975977	0.05496842277378515	-0.07159600514947917	-0.05849748318339258	0.06330890422444112	
-0.01888751384274433	0.09436557506047803	-0.03898703150560362	0.007480207830810466	-0.010377662484556956	
-0.08535346797348901	-0.124503132626101	-0.16430408211475694	-0.08912512736623152	-0.13614182929241833	
-0.12820662439102007	0.02000171248154404	0.04095489472558933	-0.11300320958234869	-0.04132656808053529	
-0.10572375136603336	0.03037147146776627	-0.05894964495591192	0.0010252606092523014	-0.08170006833999476	
-0.10041109846517524	-0.10991551235566432	-0.21322715208300422	-0.04582890896568958	-0.21962366293646232	
0.015546428177784339	0.09274881066102618	0.006944673844580531	-0.04690236502167829	-0.016878385376897617	
-0.05235139430232917	0.006622806311276021	-0.06284471065105489	0.008842376221398105	-0.22330615318900104	
-0.12311584210086822	-0.08325758013690263	-0.08730140191038051	-0.0895348835327638	-0.04993704076540605	
0.17805402370426926	0.15336476321121711	0.12475730881794778	0.12399470119835207	0.2258908808393847	
-0.04010488225393799	-0.06148208145185091	-0.11995970901554165	-0.0795429927409049	-0.01755000881328541	
0.11689656123935711	0.055617172940651306	0.04911014789195198	0.06614712826657221	0.289110822290661	
0.10497877228604113	0.03750410635279695	0.13331360139603252	0.09697711102073084	0.07531666038607182	
-0.1594389910133529	-0.12595317082966132	-0.1515455738764013	-0.05478965671129739	-0.09962052977864225	
0.18487311337102322	-0.02465402847716187	0.17641513346491855	0.09213909262945423	0.1977652878905746	
0.1285465934757468	0.07522009916496415	0.08818824673273441	-0.048837110716620835	0.11658063308055905	
0.03942163161186561	0.06561403334844114	0.03611184170505553	0.012309913920417798	-0.010664799769947074	
-0.1611595285252904	0.0038390712594926595	-0.09718876127086062	0.05159360386235833	-0.11663465383092332	
0.029820237222177078	0.03822271567419189	0.1139512656048324	0.029482025606856303	0.015032066868345812	
0.08674681356319644	0.06449893552087659	0.1580678579402846	0.11521298173283621	0.11159475071707503	
-0.3053375677918777	-0.12838230061302885	-0.15861944121052413	-0.2205407963402017	-0.26705648598864073	
-0.09574231525471272	-0.07242928654099898	-0.03809945497823896	-0.02853888942517798	-0.2993463282752424	
-0.10514692063785634	0.009078959005312045	-0.03877034210701517	-0.02959840294284388	-0.08027578241289367	
-0.03951475237494846	-0.1055450328702674	-0.05342114484439038	-0.024230726532728144	-0.07595850183729726	
-0.03732593568805034	-0.12424250664373956	-0.0471319198199619	-0.10580397328127597	-0.09543925956351555	
0.01890146268609546	0.06974889600408506	-0.002446817487736943	-0.04965707472120109	0.10187528468872138	
0.015348913353550405	0.06871006183105408	0.09701852950964748	-0.032829717881286816	0.014201415090594926	
-0.05685639306874881	-0.07543799502187147	-0.021242345622449883	-0.09584120641513766	-0.04749793225320601	
0.04147914130192183	0.04689630257737289	-0.08246114369773308	-0.059894537472973484	-0.042387388723555325	
0.11518528667694788	0.04858212240147041	0.038578107414673275	-0.03347587170063414	0.1097960247181051	
0.016844602147804522	0.09381240012298951	0.06917965169039336	0.009314957721200614	-0.024237189110998255	
0.0968436131619428	-0.07274475416607291	-0.05746065334420655	-0.01785696603615978	-0.004280876493448977	
-0.06682809606613101	0.048104926878869775	-0.05900518532465134	0.031509447810782215	0.056164837575086786	
-0.04690468441542401	0.027740693236550488	0.06666131491632023	0.03876970887911675	0.04762641669172312	
-0.009579998308226563	0.056793970623349156	0.11609946543647988	-0.004321794998384876	0.10731674835550468	
0.12525162727448852	0.16797025623518083	0.1473359228339193	0.07635054575256116	0.29855663699488444	
-0.22117889835577792	-0.0011233603686301036	-0.1478918164184113	-0.0705252730752763	-0.18094475063634022	
-0.10329443741383176	-0.0941754866491254	-0.13226874260850122	-0.032958569884916016	-0.0992582191811338	
-0.010387452247236669	-0.07642737457813491	0.06930747085480606	-0.07328965251777246	0.132200824302518	
0.11004205600955914	0.08727825616731495	0.07231050089741738	0.1246291876662624	0.214657778782066	
-0.030968392075006283	0.01708116044537503	-0.119134729198905	-0.018083920505771383	-0.11375897913564174	
-0.07052770409039946	-0.031133622713031238	-0.1801284508792521	0.0019491793931041626	-0.22713570617513387	
-0.021901503781353443	-0.039550757102924126	-0.10562945064414454	0.0019373079168592186	-0.08094378618929947	
0.06194387705962552	-0.06686693710718435	-0.11416379364919453	0.06315704210446373	0.04391168738803436	
0.051064362620536465	-1.0525779119137689e-05	0.0494188867648977	0.05382097766827474	0.000585188742440255	
0.0018232920303634368	0.010261189744350177	-0.040156248467946756	-0.0574309094509912	-0.050764429657738114	
-0.08890557846112193	0.05938344901002804	0.08424210390679034	-0.044160969395454545	-0.0683069774817846	
-0.05648945556689519	-0.043038198414332055	0.07687082185028794	0.005883591681562465	-0.053641792830365104	
-0.03593637367657599	-0.05235286686364321	0.04688851147161041	-0.052852467284869885	0.07122875118420202	
-0.018526573644745036	0.05863494048130651	-0.009731456525912716	-0.03398189287040396	0.063771751069166	
-0.17485487687511786	-0.07424442623331867	-0.15157039770452596	-0.037696892431529794	-0.09426858213881162	
0.046927928121054924	0.08137182145084589	0.05101014444979102	0.05270692677887637	0.022712762132751536	
0.05544118922515416	0.11829937263455696	0.0894618675335984	0.090454592257665	0.09771044835250736	
-0.047142159520546	0.03940064126572154	-0.11029293400575929	-0.010660583773335633	0.0383193926962184	
-0.03896944917537049	-0.0834796429774388	0.02676725203219791	-0.06779507770399035	-0.01715318526629366	
-0.03457743384932366	0.0414276552345244	-0.037317762150894405	0.02381479073613233	-0.14993899337384947	
0.0669094909115543	-0.10217104899461585	-0.06505343013529964	0.07242269208422825	-0.14085666911687764	
0.14249474784595056	0.11119139407553087	0.06545295509429341	-0.010945843261973854	0.18032028913431597	
0.015798285418585176	-0.06519137360880492	0.10430594332166443	0.09042424435063054	0.03337031152392884	
0.17608644294625686	0.03492949131210114	0.13638412434930058	0.03005458432805341	0.152800189787418	
-0.13481775587012412	0.038790645826332765	-0.12360148041472442	-0.12797758423062672	-0.17548573039424764	
-0.24605431885534934	-0.05266096428631314	-0.14244078214013575	-0.028470950361995328	-0.24181870747174158	
-0.0936628247097134	-0.0498702558925098	-0.09417209148041952	-0.10017279881043852	-0.16895803956792707	
0.014723826591730367	-0.0007097267837414467	0.01352268182572633	0.014309568053634855	0.08722743367067719	
0.10273744384379059	0.14903325624015754	0.07818383830107405	0.14904081807789657	0.21084563183853855	
-0.05805330641993773	0.04833655764956874	-0.008816011592694014	-0.06979767313710887	0.020249044295820695	
0.02143795247446821	-0.015825815980691167	-0.005155086331444081	0.051478836410978376	0.0030496665945543527	
0.1875192435552484	0.016721995926425336	0.13270034936148717	0.053030325832637504	0.2664051893062474	
0.07654854252160209	-0.0637796491292555	0.019809469827808245	0.07900122609031658	-0.009096063102073558	
0.18486300645323336	0.005916955936996547	0.12001889968655316	0.08475554825425548	0.0899116759409068	
-0.08619852538428902	-0.011237375106683602	0.09887412408289435	-0.026333332317271082	0.07294420948291015	
-0.00568193117272003	-0.004241560542536154	-0.01614259220140822	0.06877515563077675	0.12943711287374265	
0.09067694245481521	-0.02536918893216396	0.0889950190605249	-0.033427365358330324	0.059546079636142994	
0.06016676240527295	0.0120170358626343	-0.005093704814262544	0.06438766498318177	0.16764200539717844	
0.16383796815124443	0.09779260504603805	0.07007000570211061	-0.00622137241006349	0.21110576002265255	
0.1708656113636055	-0.01618349663557664	0.08822204922270818	0.029250842499293318	0.1443470734239399	
-0.004472245684489957	-0.0007593060318891847	0.012940767705591648	0.09751702946767686	0.15394390317214834	
-0.3183169615444699	-0.16036443397974465	-0.3664540056278051	-0.16898805244170623	-0.47209455738710704	
-0.21458018061908365	-0.16340970732376536	-0.27958497015205497	-0.2674865150849395	-0.35527298738195584	
0.38688428026026683	0.24198208729389395	0.31655413777427677	0.08673978439667936	0.4391342967560404	
-0.2715089028254931	-0.15457646677182502	-0.2882719221464346	-0.12138705382776024	-0.3305671129162407	
0.27159242740871886	0.13622902667895118	0.3061037750933368	0.04037695995287308	0.4097867714467274	
-0.03441945861694944	-0.03408347520575641	0.03800653944039549	-0.05423455174349743	0.10758950176795921	
-0.08585530267584032	-0.04768329823292312	-0.09300484229073143	0.037524964904361496	0.03199221314337857	
-0.12092051096514612	-0.11174664871428103	-0.04631548317729602	-0.07682028227134474	-0.08315969536777403	
0.2157287997098856	0.1133366019868633	0.12011458895865704	0.13441079000835418	0.2850086548782107	
0.1370641955750791	0.09291019359926701	0.178349689288546	0.11024621476473175	0.380153306161233	
-0.6139163239595962	-0.31605554723496115	-0.5788727047105456	-0.2875920529228028	-0.7893588809902805	
-0.02059966658140799	-0.06443758975534204	-0.08561858672168769	-0.024747066870565302	0.23074750401051478	
-1.460886037083962	-0.5425645376996764	-1.3464319587665399	-0.420587265495594	-2.3135222274089378	
1.3430592488349902	
