TESTRUNID EPOCH: 99 L_PCC: 0.8626040440743294 L_ERR: 0.004473387319976378 T_PCC: 0.7649480382370999 T_ERR: 0.00760042060350732
180 LAYER: 1
5 LAYER: 2
1 LAYER: 3
99 :ILEARN
0.20008196075498985	0.24006022394590606	0.19095526681143493	0.2651183485738162	0.2919886274914946	
-0.19659998348860358	-0.18322571515720878	-0.1934357325166202	-0.19613755298925373	-0.18818580000789994	
0.08784098803148385	0.13527503201004598	0.08480190540861653	0.2265672668693008	0.080595907676739	
0.1683037664993742	0.10592145712601529	0.1948509200067008	0.11710093759492984	0.15837798337035475	
0.06195904637593618	0.09368065391464647	-0.038711779444294686	0.03736545970032555	0.07461152123581068	
0.031846501518880584	-0.12308294068257022	-0.13810649214084936	-0.1282633896736899	0.011523740315023815	
0.1248494815118083	0.17521466203995048	0.38277577479630903	0.2967884846551735	0.39355173775767793	
-0.015004974204623859	0.040159121699413707	0.09423437036747051	-0.07296500158631172	0.08636649502735615	
0.10434898415008315	0.05075494560390642	-0.04062500050087091	0.06450427179964259	-0.07296206714214822	
-0.26757224999930274	-0.17272612597286166	-0.33933289553113305	-0.3446705974262213	-0.41764587856407503	
-0.09798960490978773	0.035318442524226404	-0.055532426255191045	-0.04819013427213643	0.002592972714131591	
-0.33714837798805963	-0.23756853447612228	-0.37092942393104633	-0.2943426766907082	-0.31892618266012196	
-0.050477977839402006	0.008051458023398484	0.0773355577352637	0.01996490189597899	-0.0468668090672711	
0.07063502543932099	0.08552777214528502	0.08267629566645616	0.16408556873780356	0.10838728860448532	
0.16213713482352332	0.0009536099531427984	0.033905850921074	0.17638587105476233	0.11414251688380546	
0.006991011464489879	0.14945220132989273	0.06853669406881396	0.1490290590104467	0.1604660365745398	
0.007037809577585964	-0.04146969605442987	-0.016806956242598415	-0.11520873302539535	-0.1319753458666717	
0.0013080607443398725	-0.08336910991574331	-0.003132086637398062	-0.06380671153957038	-0.10162118062116186	
-0.20714556856158292	-0.047576970028043855	-0.1385688517985453	-0.10545902795859279	-0.1341269936976762	
0.0001656056595757203	0.13414085729717976	0.08504488683144656	-0.018060267966659743	0.12317845783408736	
-0.3648516969065146	-0.31077508329026515	-0.3534358830424335	-0.48720680963810736	-0.45138899158021406	
0.1965832040531527	0.06129241767518379	0.32365975191038016	0.28115363597582843	0.38532250786844363	
-0.0013207919544541626	-0.012948061494589939	0.18289711871875852	0.13832281117737077	0.02434345985122491	
0.13641722558364736	0.1303298884510951	0.20757476751691198	0.1708037362644195	0.06784113083789717	
-0.027356713240115703	-0.033391444461425134	0.0017437108543157857	0.050920712688454904	0.19302128045328557	
0.11075075799352578	0.10333223948864531	0.21087806021380937	0.07630999446405938	0.13017710172321562	
0.18773345247911635	0.25442659774144916	0.24953841803950455	0.14027380237561998	0.35198984059112454	
-0.06681794471970304	0.04915884684833888	-0.04046355362460065	0.0516008299686967	0.022702677863756224	
0.1478534026059778	0.051588731353359084	0.09626449809224878	0.1141467126222687	0.12759550038169634	
-0.04830793791490362	-0.029867120588814845	0.08188763039607555	0.04877619184383016	-0.0532888490937016	
-0.07066449803056575	0.09016858658886838	0.0302130776585596	-0.053099976438938414	-0.04205659729018277	
0.09182008209979162	-0.02258326804347376	0.07601063243943482	0.1563894605194324	0.14203255010177496	
-0.12972784593414358	-0.08209123080707886	-0.09137587289857668	-0.06149241656166785	-0.20144173938605114	
-0.04410523639963604	-0.03442538577510377	0.06674469474574642	0.0938369420542071	0.10777355462722979	
0.09943295291594767	0.21792379082258517	0.2004000624588038	0.1621091154717676	0.23049892824409432	
-0.35748790797787267	-0.38464486829019484	-0.5386868060004347	-0.6054468123107203	-0.6177976483899166	
-0.27455210367724486	-0.34470661722737933	-0.2698261891751219	-0.3932750126712704	-0.3536738313505795	
0.07004140389352069	-0.053648919380095715	0.04174994704037052	0.019630900761748893	0.1033294606606316	
0.062441601570179334	0.014238361864490743	0.19746099543958667	0.21171487554890484	0.26633417122661024	
0.06368060951398297	-0.11939537753286439	-0.09264478881819405	-0.015320367387375732	0.04389820752086683	
-0.09993630602185684	-0.17660972859239432	-0.11302525772201104	-0.15284614839119756	-0.2186939247585304	
0.09069110936313346	0.10566727688533786	0.13299479964531402	0.21023202890387072	0.23191497248787504	
-0.04170288335151886	0.07391969907325532	-0.08836407554193582	-0.0955176213311589	-0.09938325253163371	
0.1399989634437778	0.029377377722579544	0.27139774544978335	0.24923562181353154	0.12189901521590928	
-0.031267734726422	-0.002535395811579554	-0.029032950023279627	0.10945686128104397	0.02185087952974335	
0.17143691890297016	0.09264147995593973	0.19289969493420286	0.18938068425644425	0.22526070103039003	
0.18150446225351805	0.18345810337202498	0.3189873287700111	0.2229993148298025	0.3095473062420287	
-0.049489963294715715	-0.17241019071488986	-0.05549633068976388	-0.09385791753322419	-0.014835600186806063	
-0.025564186284865644	0.09187229036159379	0.05440619802697908	-0.034362691233417224	0.1079139709498191	
-0.1433752420649751	-0.24160942453574039	-0.2234360579247166	-0.1861364227716861	-0.17111251623255305	
-0.1761270085416459	-0.0006340430739821154	-0.11300803139183188	-0.008748429306271685	-0.09077685810950475	
0.18997075010617917	0.1283213321278237	0.19723867550036775	0.1288943227722892	0.21995233039876472	
0.024608643120969054	0.045685572697492016	0.011092357981267972	-0.0011527430660266838	0.027627450532426545	
-0.12482572684826879	-0.07743149154438135	-0.14095687563388828	-0.15694568515592433	-0.18520901945029206	
0.14928767199931045	0.12045047240299363	0.24947183948471247	0.2161659108688255	0.3725011613454551	
-0.0767074896132735	-0.16939296387543806	-0.15748097481320497	-0.16000184549795526	-0.09310318436740803	
0.10820851273520031	0.10913363125213735	0.08510572206796599	0.005975519127492962	0.023028424940957495	
0.048906861975054436	-0.02258651765661716	0.04027475481128233	-0.010964728234791905	0.02161763715683964	
-0.03576154706819258	0.014481243709212666	-0.04156945324522563	-0.06270341115018206	-0.10048153661450465	
-0.1068990699193523	-0.042668398113714846	-0.08402101205428933	0.07841026139811061	-0.06566175512634029	
0.09281289313930058	0.10141263787360433	0.08003274530959542	0.05932401241884969	-0.016926591768917296	
-0.038653925345670276	-0.06282131363268151	-0.10640486807810146	-0.02473978857935596	-0.09754418535263987	
0.12670924925188398	0.12427565521616978	0.012385550635431009	-0.017113189907317108	0.011758950239718855	
0.09608012492423969	0.11981827762696294	0.0830889958793707	0.08826551729550718	0.24079951758648901	
0.026952344864269756	0.06336279669973124	0.0051056835412962714	-0.020177711187882037	0.07248611925507221	
-0.14381694730098435	-0.20152507591722327	-0.11976673577241088	-0.14037151756642818	-0.1261442059891641	
-0.06647708782228222	0.035944353180127925	-0.024234094495466214	0.030306982077419296	0.09033355152271264	
-0.09280615450146092	-0.046543646227441705	0.07843646298354039	0.062375781950895694	0.009479731975813355	
0.05599609013776998	0.07282440017577839	0.04541368650373345	0.05200713243598853	-0.10078841425902783	
0.023554910333247255	0.020881730418131732	0.01972175474046129	0.05089916396722053	-0.09194519288112046	
0.1694168486215262	0.15504609972033165	0.11456184360045896	0.11339902860204149	0.22580311466884057	
-0.04828417918792857	0.02997901877648351	-0.04414950093434027	0.031099115975324724	0.059671475192872366	
-0.008819389438648914	-0.0424590996665495	0.1229711964977916	0.05161993121277489	0.1450292480639566	
0.012290090730747544	0.08539680882824693	0.01665800716338974	0.004036643418378377	-0.06995777520399636	
-0.13223037622367909	-0.18513822285208945	-0.17248340987164118	-0.06453496705137078	-0.2141695967843811	
0.0552568822991277	0.14687958326082584	0.14853919710552238	0.14990878401161975	0.06708239014042347	
0.03365974281460039	0.05528063384008572	0.15693735080142104	-0.000776656398318426	0.019980667747224706	
-0.05278692744433943	0.03782813395670721	-0.02226455536526461	-0.1109733083382275	-0.011532353504499548	
-0.03140434369781145	0.08191305242411924	-0.008575916064298774	-0.06225220366333986	0.05780586501268317	
-0.07163335905582581	-0.16788602621016033	-0.09720964115171968	-0.13150225587204944	-0.12210024565886075	
0.12193120762847359	0.08200713598517599	-0.05809496799784148	0.06615729664160921	0.02959268160786311	
0.24108904579586657	0.08414845994802425	0.1677744119927267	0.13023933078030214	0.23576716744836593	
-0.07211624450914829	0.028723017153101646	0.06666740487848119	0.04326980881587426	0.06111181303341555	
-0.009987321089931478	0.0822360999103344	0.014837227122867709	0.0855546283256957	0.06644516579318553	
-0.08672043316194465	-0.10908440897812448	-0.1136648417808831	-0.10896847756903474	-0.02999617378244977	
-0.06187464042617246	-0.07879862992334091	0.07690739703608111	0.0012594061336216324	0.07728627279308646	
0.009511797904186036	-0.0025233039172496744	0.023247802203427956	0.03678852906912457	0.09249099703431192	
0.08071848507458927	0.1760172683535139	0.049580863611815816	0.19748416468547092	0.09799819271793342	
0.01564898336085024	-0.10600607204516431	0.0010860057982127846	-0.10930293563457441	0.07196674704722614	
-0.0031306311396225865	-0.029941137237044904	-0.01134361285833579	-0.16349653525489793	-0.1677524974952662	
0.012449145366523485	0.09486537535685353	0.18579653182681297	0.20179563128401565	0.16845165113226843	
0.061860844631203844	0.09151846455874849	0.014123413086122458	-0.017742537097774756	-0.006261446933134373	
-0.02352459000556687	0.11124985826461675	0.0012498161385418888	0.026911167899813078	0.14987283094377882	
-0.008594661222055362	0.11813211445020227	-0.0043240380964253075	0.05251875276703581	0.01810512068741863	
0.11021603654917347	-0.0027133587797808245	0.051554468861077694	0.058152584759692115	0.16737407326844436	
-0.1941314216744213	-0.06236561489146757	-0.06515577819074525	-0.2377045668372714	-0.16167003093593688	
-0.1152442017333954	-0.02025037015241903	-0.0688907275994123	-0.06323857292307998	-0.1084622368905209	
0.03926676609494803	-0.02995222685893694	-0.06208319063936959	0.037059022758081726	4.2262359457531174e-05	
-0.08617378870242208	6.64482714148448e-05	-0.12202318684325629	-0.15029858275825544	-0.14859741639224514	
-0.04905029875405365	-0.05019470407965255	-0.0803451051977318	-0.03504616055251064	-0.18772664411805653	
-0.01617760148655649	0.006852576652127222	0.05155916582357888	0.027045737393691406	0.1289213084463381	
0.08759909967745039	0.15875158697682384	0.07776190364179064	0.18816618339348837	0.11747904204475244	
0.09687986799502828	0.04393516326273683	0.03341067745883477	0.05835631026215324	0.17901602413525466	
-0.046257298303203846	-0.050115940667497735	-0.12077657189443672	-0.04609994941386377	0.03127579763231011	
0.07850557644281916	0.03218521105157827	0.11266908076472643	0.0977477371427378	0.046853816591434456	
-0.19751116139711905	-0.17027853076728086	-0.18683422888827736	-0.1275630271389203	-0.16119459821212906	
0.18434642324779726	0.013988977073642005	0.21493191643224502	0.17650699709767687	0.20774155690788973	
0.01993908754020843	0.011956129154941555	0.007738508199395345	-0.09799424192793763	-0.025912894570720265	
-0.0631644890818486	-0.018714827372170992	-0.09261489149032616	-0.10236840460913882	-0.17282748828812264	
-0.04298230338201307	0.09876606871276494	0.039882095604654826	0.1714155722721076	0.0428003338872583	
-0.043269113177208135	-0.008157496825508202	0.04482699773879908	-0.009735810020875061	-0.07857801702422655	
-0.00221280907252959	0.0369596611011998	0.07639898179610952	0.10003960917647844	-0.018047029415832548	
0.006087866272790251	0.09783348612865601	0.20385276805921543	0.044602980407843024	0.20318013890117176	
0.1042913332906087	0.049171902804752206	0.17821543037723417	0.129217304108709	0.017946556327599228	
-0.23098926263079914	-0.16491999853215802	-0.1779202951745069	-0.19799151077897748	-0.2132890220539974	
-0.05226622237271503	-0.11934107051520103	-0.07171596847527753	-0.06414966847836935	-0.12545483578254965	
-0.0019311393696808939	-0.13310380398360508	-0.039758650870161935	-0.12560972782788263	-0.04430821044519717	
0.05479090842409821	0.12530910816586316	0.061534549711333965	0.04037999490369775	0.17517409469352654	
-0.12146496600024412	-0.05105519473577027	-0.05615233262018856	-0.16585779462405278	-0.1796687590185285	
-0.020233290412017654	-0.03329614035397772	0.03407285122706517	-0.038032351354242745	-0.01157233718340081	
0.024398922049459763	0.038564225555901575	-0.07752572942060905	-0.06751050870226341	-0.05373490179816384	
0.11991169609834242	0.07680502222903951	0.07821848918851636	0.01969021992087026	0.13955379245256863	
0.0009553823334502665	0.0826932604767082	0.05984470935045127	0.006447454477591857	-0.04781779360324759	
0.17838718383100996	0.006072221996479511	0.051021671054584786	0.10308367282121189	0.11629200065640029	
-0.05940755383518178	0.05648147311089014	-0.047078889735465645	0.04426165507739216	0.06857345103444434	
-0.09542097740778464	-0.02555313301662217	0.021476213301108042	-0.014814798423067394	-0.020845029146473078	
-0.10597755987240405	-0.01524105481704404	-0.007294007861608155	-0.10772264080318408	-0.057990553756767184	
0.10001878496386071	0.24439928861868926	0.19886724535274888	0.2480303078124903	0.27377840138425724	
-0.15228926720313118	0.000952159497053548	-0.11432788138640201	-0.09422084666983485	-0.10661169141583823	
0.01316358827955796	0.019685863284576516	0.029312145270247593	0.11597215547990054	0.08432726504223764	
-0.22492503956782806	-0.2680220957839074	-0.1321919782777175	-0.23970845648448924	-0.057353020696695664	
0.04277076156767433	0.11368321799552263	0.058024131517876186	0.21514316559418645	0.1171682700604608	
-0.05284948950876914	-0.0159159940972021	-0.1391614751628235	-0.06844389661672703	-0.14334059732831236	
-0.018020464630698545	-0.021845348887505254	-0.14005856839849984	-0.020958568080993115	-0.19076318104372428	
0.058038963795668856	-0.0038990285965767374	-0.03412183118739877	0.03359869391694243	0.01900668437194367	
0.14913720139139341	0.002200981951846518	-0.032488852961892835	0.149813589786746	0.14731420975111192	
0.034162809389356036	-0.011762010735086693	0.024860127396401973	0.037446659042384714	-0.04333178028676512	
0.009677772005339902	0.0028227287745181753	-0.03490775482383398	-0.0721892407013602	-0.018708051386581312	
-0.05570911659339718	0.09456289650257524	0.13926135238480666	0.008550673328868606	-0.0019047741787213486	
-0.058376427182948276	-0.05115892789124213	0.07984988323444986	0.02881900376737277	-0.0263076531673699	
0.02664769072922568	0.04595079673719344	0.1520069189417679	0.09446454173547948	0.14237988945047433	
0.025478918314353814	0.09616204961894169	0.03891203398206446	0.027234564323005826	0.09167068127613492	
-0.06810809313672339	-0.02015722579099741	-0.05536778330999043	-2.4264204823832452e-05	0.04549896157364804	
0.037033564007198164	0.09811592474727629	0.05738555102894016	0.09918857720545432	0.010597955420772838	
-0.052905790429243635	0.04310594664160423	-0.009633516889302047	0.01697172050894107	-0.04075328069937099	
0.0495238694198796	0.10899255326277037	-0.021987984294229643	0.08073189600929313	0.16352477087477774	
-0.12288933270405104	-0.18543434029209088	-0.08368743269361234	-0.1970891051721016	-0.11958314290444601	
0.007994859485583681	0.07828610024571836	0.033750363177951145	0.07191911673839622	-0.0810789266052278	
-0.002545181596541224	-0.18089276803768012	-0.17451881321378515	-0.06201532296994991	-0.2714886872316911	
0.04123878931561212	0.033873172706305604	-0.02354037119846747	-0.07199845738883438	0.04740964886976924	
0.0769490515333769	-0.006120093668161125	0.1946092714786012	0.18901916590148374	0.12899240652817945	
0.06768383892321145	-0.01818889968341188	0.0405087367255787	-0.009255648440395186	0.013691788462481189	
0.0069730277568185286	0.15962719119478197	0.057981638682579086	0.019804852300797728	0.04815603230072793	
-0.05312920049337318	0.073577688217498	0.06678674697809323	0.11975019636366285	0.07984658820945263	
0.042185999508325044	0.021421995722215467	0.043113743850523405	-0.029852811995797576	0.022038583279199962	
-0.05318162238778959	-0.03512770185845914	-0.027687854596561867	-0.0012577182300413786	-0.014219545160239648	
-0.035168937388059894	0.06951817290527293	-0.057467776057949886	0.07223160549896802	-0.0032707023980833513	
0.05848935997246342	0.15095242063033332	0.13729707871292393	0.06451309155953726	0.20137713917133968	
-0.046916765885110914	-0.05234645756293385	-0.05962187741209581	0.011455470249578137	-0.07748200512993376	
-0.04373705420698421	-0.15299283965586533	-0.0824374721321927	-0.07844104196001084	0.004371797978472751	
0.1682164787790438	0.016053299783945624	0.13891254930788105	0.20584395903474986	0.1384800354263199	
0.21114838022102334	0.06985932710940544	0.19547043041738393	0.21480603744158946	0.15286905126964478	
-0.03837632463318076	0.03733475980745304	0.1818538497403435	0.055797605320486644	0.16161581378976048	
-0.037803468615579545	-0.007284813201118259	-0.03226240305853794	0.08373191090627866	0.08685813096646702	
0.0514694697299295	-0.03509424514624301	0.05716268133182455	-0.03167905791703498	0.011368670487840156	
0.03641369398529708	0.025904906788953477	-0.0020878033930076174	0.11564758832765117	0.14603951581073824	
0.15560293330298544	0.14903139167209734	0.11625468918717319	0.11350049077041072	0.22171865061803045	
0.21105686849613461	0.06299324466280368	0.17732348129037967	0.17647683725555913	0.22394879449204136	
-0.0585987177767467	-0.02369933850789644	-0.03236793332468395	0.08246075360681114	0.0792843686691308	
-0.04358178868391497	-0.005448370506488791	-0.11400768003503092	-0.03831475292724749	-0.08170536865877963	
0.08910230857257165	0.0541969892246727	0.05156503587055144	-0.032355235399139905	0.031182280837057718	
0.4344967146444784	0.3951185929654221	0.4805388181028128	0.38734749618168457	0.5633482588868154	
-0.03818340599221639	-0.05309568221888827	-0.08598545831657198	-0.05202973812240583	-0.013910926247557666	
-0.26800814001225676	-0.2916748275855289	-0.3474823823810857	-0.508808547804563	-0.4010808927683846	
-0.002090508457860945	0.018607276446484754	0.11390348176787003	0.046881254226308955	0.17630645498785252	
-0.02131393908001711	0.02003534458744812	0.009977619889349084	0.1418123875832845	0.15130401678261912	
0.09083965237211111	0.03918033003685597	0.21599156073768147	0.13196275765094867	0.2560523393544766	
-0.7725614062333285	-0.7522680018454673	-1.0238756302049812	-0.9706396659602289	-1.0959429807351584	
-0.22991727666401177	-0.1960215318634057	-0.24463841778258796	-0.2252728946798471	-0.17438178697115655	
0.07858218130237174	0.15365773595709153	0.1579473180780002	0.2232912300676759	0.1417878389698137	
-0.0064641541802257585	0.022254445848976075	0.14425637978021488	0.3052177461176193	0.36289650302035287	
-1.1655832570839162	-1.06453864149787	-1.684782065786335	-1.7315957410775658	-2.044678220982004	
2.0727375495683256	
