TESTRUNID EPOCH: 99 L_PCC: 0.8647643139917256 L_ERR: 0.005713592694843179 T_PCC: 0.8268494277321814 T_ERR: 0.00752425875148733
180 LAYER: 1
5 LAYER: 2
1 LAYER: 3
99 :ILEARN
-0.15308849824028417	-0.021942180623796638	-0.2651841566780979	-0.21109693538715688	-0.2310175503275056	
-0.37065560979299234	-0.22739766004573145	-0.43153438194782956	-0.3820246305251238	-0.413231716545655	
0.06915478085357209	0.07100641068387421	0.09160426504840505	0.19553767346358333	0.05029582707130611	
0.10783520484460789	0.01495875148947758	0.13991143615741217	0.03206523570464175	0.06570030974745852	
0.0721429628798073	0.09880481078987557	-0.01709125614938433	0.05457529868329549	0.0945693149284105	
0.13086126688498784	-0.06854598834015134	0.0054324250706922605	0.006680955020774236	0.1697757951904304	
0.10902436194915224	0.0613030708031982	0.4304531240651936	0.27696696009473165	0.3675067192507873	
0.02319501472696025	0.05790429081659719	0.17751869558024366	-0.015267554844004402	0.16393305539927297	
0.12095732781770606	0.06315158194853393	-0.004677849642347525	0.08786758038460991	-0.041949267581568105	
0.03390828152459527	0.0949860627283799	0.06723381537638147	0.03299364495773005	0.0359642900666544	
-0.07995464388750853	0.047706764200660196	-0.03546471667239985	-0.028575930857147446	0.019912255607582398	
-0.3165858527020869	-0.10233593175509575	-0.39081015911004957	-0.27326340941734273	-0.31150054490356854	
-0.1099974597625075	-0.028445084761645634	-0.016218292751046158	-0.05933727914232977	-0.1395485419180282	
0.08850237707344494	0.06860923075139683	0.144037261587264	0.20244833343421834	0.15676365962714478	
0.1541316315361084	-0.04562277383826181	0.05869549940759568	0.16437270995176337	0.10596636187725894	
-0.18481117205236808	0.0224063081972237	-0.22839107160639283	-0.13354681600775473	-0.17370100600389748	
0.09516195087699647	0.024974391471715544	0.11007244534061357	0.020887477046789487	0.02515470865537439	
0.12933862274005625	0.010445864250348097	0.17551876232567376	0.09938884991070523	0.10588551078504907	
-0.10600415481879912	0.07428880411833985	-0.05325020047293608	-0.02238900645588356	-0.05452672865558355	
-0.003614523132068121	0.10333201861738009	0.10013855125525685	-0.023538531311687906	0.13207288211718912	
-0.07483716485734301	-0.0010252877857915943	0.0032457511515309348	-0.08815419594933104	0.007403646385114124	
0.06232639848481089	-0.09415549508088847	0.18113956442236276	0.08907411873708737	0.18308007716993527	
-0.029179890576788933	-0.0593587205754007	0.15327436692911453	0.09238858627143028	-0.023235255192274318	
0.05495374668714582	0.05223821285152689	0.09181279947203254	0.04737366517456173	-0.06809613646557475	
-0.09602397323204089	-0.09475780262445616	-0.09433870239584108	-0.050757786479390825	0.07200558973657761	
0.03111716026354279	0.017835713811823695	0.1117950800302833	-0.03816944181659637	0.0025329768462591597	
0.14218950698142985	0.14014193306563827	0.23444638393051204	0.0806267050550475	0.27657897757425537	
-0.0906296288839514	0.04761585128975953	-0.07231688295792998	0.024372544267188545	-0.004278045250571621	
0.1501974708350821	-0.022218583368052165	0.14248213916451036	0.11768823556653758	0.14310553671904852	
-0.08586382680132401	-0.06764900635104867	0.06367060384740753	0.01611452621792058	-0.0720515533552401	
-0.16939851698373742	0.04288556955647597	-0.10189622225053768	-0.18180850756824912	-0.17933761101197368	
0.08229870077252228	-0.05111485208706608	0.0802438231776488	0.1455024055495707	0.1279194913121645	
-0.1547132375840133	-0.033406295053395936	-0.18536802186575588	-0.11953038838015215	-0.29238439402615096	
-0.1647982753684708	-0.12542660741887357	-0.10353364714471613	-0.07679359169395718	-0.08500463916876377	
0.1822253612595388	0.17453498615508362	0.4130906815939592	0.3009885304394412	0.41263268493827077	
-0.0203118354580856	0.004092256593637508	-0.1387256355741952	-0.18153072407299317	-0.11947838069352991	
-0.1286800482087548	-0.1427525725539568	-0.1135942037220521	-0.2287417021221289	-0.19821272392489328	
0.06240277967245556	-0.06011599048317411	0.030204064687668817	0.006656671919869734	0.08723402503787445	
-0.05502757820896002	-0.08909271299926479	0.05167729406837518	0.04672827517830092	0.07651163435508275	
0.0372500969199797	-0.1401911168235567	-0.0686606460300201	-0.0069410516248536724	0.0648391204052203	
0.2524876704842824	0.0724422037898077	0.36924564345810607	0.25488470527818974	0.2540142305706645	
-0.3981926062263592	-0.15900661712596964	-0.5778648057311532	-0.4261455776580113	-0.49803201134516895	
-0.1403752179545111	0.029991422461212055	-0.2224142707428608	-0.192122882471692	-0.19732165966324225	
0.1948602640193303	-0.017436236085559297	0.43392865839315786	0.3348451500461377	0.2346421506783199	
-0.026215608571585856	-0.02134984702912954	-0.00010208477009570049	0.12078614231495774	0.04141489831913345	
0.06732947113033186	0.016731712068872317	0.03864120487307955	0.03599744782776348	0.04950272155522233	
0.12770921798878856	0.06265642073103618	0.29501305348884727	0.14627356661815138	0.22868833908984454	
0.10647433773645902	-0.07804605590334027	0.21478463125427652	0.12690785533183255	0.243909323965698	
-0.24446598679143836	0.004684200147943447	-0.3272286301134497	-0.3541415589826154	-0.29682767242673924	
0.06811982642142006	-0.07168004776460936	0.07675788169552485	0.10323186947723574	0.15683630994470735	
-0.025898905382459432	0.12455100671783616	0.10316272087787723	0.19314628733368394	0.14920694948819316	
-0.05448597560360686	-0.016521261686546426	-0.20804051982731617	-0.2322215667970369	-0.21275759329010482	
-0.04499128833734925	0.03133723878680734	-0.11761688206247572	-0.11335869951174808	-0.09899115261633704	
-0.20151167007397514	-0.0646036589457226	-0.23595242370381717	-0.219958531900983	-0.2395894974273821	
0.05661513330157867	-0.018634103635144308	0.18493466118040194	0.1088811784983078	0.24304405290551423	
0.14679908393352306	-0.023331112277213902	0.18644723288792864	0.12265880721483051	0.25938721724788016	
0.21306085635987745	0.11982980952589273	0.2826816125339033	0.15071899507126307	0.19540846341441845	
0.0978236279973755	0.018301225276443407	0.10770274444823717	0.051786449332296994	0.09248558766093598	
-0.01593557923086792	0.036940524180249616	-0.007165182242182322	-0.04017962620846207	-0.05430364368202922	
-0.03231468527643804	-0.0036291014149206894	0.00862117030296198	0.17046141870624437	0.027691494592735254	
-0.09986279799536413	-0.004691077564802854	-0.16792355743603266	-0.1654387733096504	-0.2657713447196217	
-0.05737201499392447	-0.051985180502686794	-0.12219761893661994	-0.05028329541151311	-0.11328396855426554	
0.11207208004734612	0.08787794768667159	0.02399929020359676	-0.01917516104213354	0.01625950301898493	
0.07707831760338436	0.08280394470981992	0.06910837743753334	0.053283999328204656	0.19377349830555546	
-0.20538631311037742	-0.042800490250044024	-0.3688910085870219	-0.3457816863586396	-0.321630608740772	
-0.069144993740752	-0.1083477148385019	-0.05424334942633168	-0.07039162602059956	-0.05248137932041184	
0.010037704281614084	0.0863811495901927	0.10408237166937037	0.12299399032638757	0.21178351411092797	
-0.054459978816463625	-0.02062609875683733	0.1389974359264647	0.11140894073455844	0.07075246428120512	
0.10370638227272122	0.1025241140334173	0.11782091770321892	0.11323889748186446	-0.028547998047805844	
0.07424328670534551	0.04123045685263094	0.10859546019854358	0.1204430890391038	-0.012932272208712538	
0.02694121842059217	0.025493850058149494	-0.08026979218296829	-0.08543725987065656	0.0033450073512271213	
-0.0980365662796889	0.026390291183400985	-0.09196909254860841	-0.03251486544269361	-0.0034941260155202463	
-0.1582811473444195	-0.11740438765567879	-0.11532228734183453	-0.15193203787292292	-0.1100251168038826	
0.11155463698462689	0.13022897449570597	0.16068988002871565	0.12793716900643	0.07299665784277594	
-0.06927929388017673	-0.11442117195701482	-0.10967754556607259	-0.008755887331468256	-0.1388359534981018	
0.06125138750446829	0.09911223863527101	0.18726155665606656	0.16910226695166428	0.10360036384351294	
0.1420507825657819	0.07471772424504378	0.37762871706832435	0.16076110827016973	0.21919520598668066	
-0.03971976544730545	0.046383173781164626	0.007213854121748437	-0.08153228385755641	0.023853022554003678	
0.09531106848137931	0.11243907390162095	0.23655265572920547	0.12931778593332857	0.29341808077061887	
-0.002952276401353116	-0.07673962398007075	-0.034634193119319125	-0.08150532781137226	-0.07830017362357367	
0.05997794418935097	0.03883972868571102	-0.15047805040867823	-0.006433675473170724	-0.06687496878776202	
0.09683704908162201	-0.05926294740821633	-0.015495594394249487	-0.059530510893737856	0.009303318244036449	
-0.08571813690606715	0.00947691507395345	0.07289837608880498	0.027205559627150083	0.05156889010657919	
-0.011575494000190218	0.07091569099288732	0.028828524568247752	0.09709119978520261	0.07508663253996223	
-0.01153374948459946	-0.0652785606224415	0.0075486824983413865	-0.00452977340711626	0.09860142050566369	
-0.02749695876113907	-0.0742540212479061	0.14031444764727902	0.04831353694991799	0.13787486089870862	
0.03334810237007112	0.00039216307873026136	0.07629351513847288	0.05920642079175513	0.13718946322881317	
-0.046426650704074354	0.049893782220407905	-0.07756323050615474	0.021317687037865223	-0.09002541356224895	
0.014782969926997933	-0.10671850033979415	0.0229405172080107	-0.09206543034924261	0.11029141505858386	
0.019923265606000617	0.030072266248155403	-0.008002706001414865	-0.13335164465388313	-0.14416709691376015	
-0.04918506928266991	0.018248026203106872	0.11125062405019909	0.1153322571314287	0.08533696844067427	
0.07254502246851828	0.08222474102203306	0.05506555638366568	-0.0014434638959282052	0.008745707261818397	
-0.07647858251757736	0.05796434942310048	-0.06140547190816708	-0.038842563828578015	0.06688869284659164	
-0.0738837994374297	0.08903949463223115	-0.08885741156419918	-0.03778986726771024	-0.09306631068708042	
0.0865600378904609	-0.03559555753089713	0.028066206439349466	0.010529878046824417	0.09860647012299381	
-0.10052019821001308	0.04376858008977516	0.043105539120435674	-0.1201116236588265	-0.019048091534187822	
-0.03272750760243946	0.07395707784888719	0.018291497008561728	0.03626346124292216	-0.0051359990361656	
-0.0027608509177688297	-0.054958772304964744	-0.11217762432903325	-0.011400865183489477	-0.04679934535379774	
0.01829847730292802	0.09174279380349952	0.03222841228747384	-0.023728332218394505	0.016341345520242807	
0.052113438734451206	0.07076456169683504	0.04210640259443595	0.06029825345072038	-0.07012712305089454	
-0.03867975732594117	-0.030147210558735277	0.05134685034290445	-0.0028416283881522305	0.10144941301475909	
-0.18415071011646603	-0.02996247021472982	-0.27198296713142106	-0.16456649264603862	-0.26866514538742303	
0.02958249572128359	-0.041249687869620556	-0.06311567468091787	-0.04456354995545422	0.05070706754172614	
0.11686972767089093	0.05375362954315437	0.13707490344360845	0.17445876420173156	0.29480226637803236	
0.11892811791965005	0.03756313601888798	0.19482092267235285	0.1611086101111671	0.11791410587778685	
-0.06188104750977269	-0.06050236805528541	-0.03469860781676511	0.03127200182735871	0.02566982800013583	
0.16800596373130758	-0.048917812323836476	0.2168597737940852	0.15019587391208558	0.19242301702327522	
0.024267279321722797	0.040391469242415406	-0.010656355600633492	-0.10023679168739572	-0.03328685518911771	
-0.14047085477373158	-0.016412807899550245	-0.22943470370165595	-0.1824725871887003	-0.2751168363399402	
0.023499527771168312	0.10002981364766475	0.16458188037979674	0.2604376134861387	0.1413587650453675	
0.0028455226594579015	0.004539454976903219	0.13696625487709865	0.06282338281879381	0.008389860715528859	
0.01746904690707829	0.016699487523123748	0.17596012257214397	0.14821551971815142	0.05623582948381401	
-0.14389884753576077	-0.005838986975966316	-0.03609948290211995	-0.18130679588842907	-0.06870102033041148	
-0.02963975630138557	-0.05418976853705965	0.034799220403152316	-0.01968760892740722	-0.1410800415309741	
-0.027342814720463928	0.047140945959052875	0.04290626052380935	0.00035583730118267474	0.026352414329635355	
0.02354681622986749	-0.04998721269080801	0.060895645738846274	0.045633836959450974	-0.0002170910005114105	
-0.08501465185676245	-0.13035908894832426	-0.17379895655270358	-0.2457687671126366	-0.18473399197919965	
-0.09255230300274413	0.030346130401942856	-0.15746034540559983	-0.1640053142317063	-0.06901400254126548	
-0.02479142512587977	0.04891218702773051	0.08382033412384274	-0.030415733761359812	-0.036482054959334584	
0.0513234063006958	-0.03098457675875251	0.16635523091119417	0.05437831737631509	0.11608225595057096	
0.09792632842510886	0.08021295353906363	0.04161705034266842	0.04027470171104328	0.06952835275739279	
0.03986683401134963	0.03167031314351854	-0.05078104497760407	-0.08950651647470753	0.013477998250325052	
-0.007450422050768567	0.08677064872536243	0.06633535955690215	0.02978750560776116	-0.031346491417127566	
0.17949577538533681	-0.03872960137836086	0.10231557043319311	0.11095767288703907	0.1504300707282126	
-0.09179977275089105	0.03614662678177591	-0.09728989678623984	0.0026325754828063416	0.015758223727344634	
-0.08032935078228573	0.01674761272953839	0.024740089234061617	-0.0014950269588767686	-0.016801900446185868	
0.01091976447434183	0.060482807835154785	0.20463648681668803	0.07634364028215529	0.16909685212675343	
-0.12809934086801353	0.034845405079033304	-0.101624479031958	-0.07272240704809418	-0.09116296752803069	
-0.15253985195992853	0.051127176738928935	-0.13116415678396612	-0.10485677331385532	-0.11214804201987037	
-0.1859257585096979	-0.14696594314818592	-0.19713947752948777	-0.12976137249065015	-0.1739874714761959	
-0.10628128453296055	-0.12635448779944858	-0.03381939912008854	-0.17330668464208146	-0.03130129572571938	
0.0280812476732579	0.04372152323113248	0.08694491570816486	0.19057888632544598	0.10608230639330565	
-0.14189079477288546	-0.013686117640597293	-0.28414210925387884	-0.17350640509667614	-0.2611309258805423	
0.05352726649370089	0.04206815491139215	-0.03472636966140371	0.0739203569050254	-0.08504894125824586	
0.02660191126833803	0.0023124571286776267	-0.12154483316173774	-0.027350793783348242	-0.05970138239418324	
0.1823725989209605	-0.02245399917222798	0.02662672820795176	0.19452940720840242	0.21035714652511453	
0.18516107403989732	0.04707346144370821	0.3012637320788944	0.26290860682752626	0.2524324393872903	
0.09339709411852838	0.06520081402598965	0.0827593214871678	0.03393273318402799	0.10519447526846867	
-0.06006051887560247	0.07013357317161771	0.1463662506639311	0.0026473273939974663	-0.008689319748969877	
-0.08139040004546694	-0.040700237001168114	0.04826357918089481	-0.02578059152213264	-0.08918177379474515	
-0.12963421549508555	-0.06647146177735809	-0.06737183639508962	-0.11383889578651331	-0.10609016480104179	
0.12276113790213031	0.11461680784121711	0.22085789913682177	0.1557556841296374	0.26954410606235024	
-0.01314642803963567	0.014842748501591221	0.03929092447717154	0.07865164700311388	0.14683839653409242	
0.09366606366225388	0.08617906907347878	0.16469522705053707	0.1766413984363857	0.0958442768459919	
-0.014690030654703723	0.0737376176722825	0.03808961573581973	0.05752807118625448	0.013991049852917221	
0.0738604456698313	0.09436332157427874	0.039190013150528585	0.11531635487357943	0.21576751145825074	
0.010622148998331393	-0.059513895553908305	0.11150193436779049	-0.02783609184706303	0.07665030125103071	
0.03877292480967547	0.09096297343509971	0.10702479471541537	0.1114764424953439	-0.03372934073764236	
0.007461434964611305	-0.11404801521647542	-0.18572968153901104	-0.04174657564701212	-0.2491471772727311	
0.0981611823642063	0.09032049468260656	0.04501452332738599	-0.003601384416810502	0.11642815913890314	
-0.06319739140571798	-0.09830167342046914	0.00408233583613183	0.014811358826753626	-0.07925596551655766	
0.09479691475988117	-0.022163958831502018	0.1088927891573848	0.015535773288291563	0.07410632493064885	
0.026419284770947588	0.12600681281751058	0.11568837089652478	0.04766191694118453	0.08547728502096447	
-0.282327426983512	-0.03962773716703425	-0.2882212314350748	-0.22142382313475606	-0.3100250491682532	
-0.29518086689079637	-0.13152977719957717	-0.47661148287836685	-0.4435206667859028	-0.4732100615055934	
0.03323183261225613	-0.007136142816400663	0.135630455684208	0.13457397404018917	0.12902865915645836	
0.06377853216127015	0.1330353628671755	0.09926380777392867	0.2010165622910407	0.16164477714852554	
0.009763557022921322	0.07367827208922388	0.09519947581991364	-0.004666216852096012	0.12781998820672405	
-0.011732777264632762	-0.025633940757514122	-0.012252756056629757	0.053550119772347714	-0.024096795116791553	
0.052165897533290276	-0.05089579555762349	0.030224341504659618	0.0064033271594485545	0.08864597830781865	
-0.0035449100463799993	-0.08461579099012641	-0.11702024684096278	-0.03311567448840857	-0.1466247128202093	
0.08096602211379521	-0.053208971456007066	0.03773603825533484	0.049585202269885525	-0.023933493483720564	
-0.09724649748845665	-0.016655207525860777	0.0876963783713468	-0.03139437803391869	0.055948859096520004	
-0.05187974962401109	-0.025876016571255142	-0.04834830572082592	0.061508001543189625	0.0620026546574159	
0.10141412905519696	-0.029334737462106825	0.16562479283449036	0.04606946839402181	0.10794078097006778	
0.05217505591568097	-0.0032614658889718656	0.05448766126975051	0.1388378520305074	0.18098229686554382	
0.0979016572621819	0.056274931277198535	0.05982868682107033	0.039203565397056786	0.1369030120666569	
0.09553011778586229	-0.05430848167141825	0.02960030502095526	0.015116052448904894	0.03542703596631737	
-0.012193062882510453	-0.015660205587678208	0.05383537941501168	0.15553035583376534	0.16441768617230118	
0.02584053259295858	0.04584605746209742	-0.021066111196927122	0.03980485433108659	0.009253803263033178	
0.11144029889705293	0.08592013602700081	0.0790530617837616	-0.04354021960052244	0.04658358164886289	
-0.7201043981635952	-0.40977947391339353	-1.0703695571110587	-1.0589800536797156	-1.0659710287930233	
0.07116568578837904	0.015716081371700108	0.08724324519872897	0.1004750827209837	0.1690609516931097	
0.2575332363409991	0.11842758512383524	0.4344038077763904	0.19190065780348095	0.44052496786080997	
-0.06812334883281732	-0.05267236600273102	0.02334724266830905	-0.04755630839801469	0.06252114056801915	
-0.04045778700474571	-0.024302179524362953	0.0022489984142698024	0.11250346220661529	0.12209664450582512	
0.051198815563187526	-0.033328474151137426	0.18981200623902375	0.07943725946112998	0.198556429914521	
0.17470125360324656	0.07008644781600647	0.22382037699307558	0.2844378208080118	0.2783520931187007	
-0.08275348060478593	-0.011300575198583058	-0.072126265099238	-0.0770677135800486	0.0050082742360005785	
-0.07313463525505344	0.053516491209684325	-0.0875553692985338	-0.007356323964268056	-0.12935640500954793	
-0.052528924420874264	-0.023648157974732662	0.2423146983494243	0.20015629405839186	0.2974488095499805	
-1.09729878042683	-0.0899008422587755	-2.096602920839454	-1.6679583504506785	-2.039321045643918	
1.8731501830714	
