TESTRUNID EPOCH: 99 L_PCC: 0.7753682068697714 L_ERR: 0.01831145302844605 T_PCC: 0.6286811096091867 T_ERR: 0.02519240191614258
180 LAYER: 1
5 LAYER: 2
1 LAYER: 3
99 :ILEARN
0.08031470945562759	0.013497107627093228	-0.029643337480418502	-0.09220833051882409	0.07472085693842805	
-0.036717894616538904	-0.07782860577974808	-0.0002776418109541278	-0.046983985154875375	0.07173402989963604	
0.05985329186709519	0.010975534904233215	-0.009799948354300756	0.02608745285262159	0.025419293019886015	
0.09730779810601727	-0.03801035807192753	0.05395788632285799	-0.11078815671193187	0.029483419592629304	
0.1006414213407559	0.07963989493873526	-0.010891641151890282	0.01242432170718151	0.132534139567263	
0.18602931847677318	-0.1194195110788167	-0.01790435511356453	-0.13081165840062503	0.23185410829985223	
-0.1541768253896431	0.013210409676881394	0.03292856575335742	0.053363299291250985	-0.0638291732973196	
0.03609444025946739	0.01123056860671764	0.11616350793097896	-0.14389449238602714	0.15805631447921023	
0.1374191049980118	0.03595520557889377	-0.01668819985363681	0.03347959621592551	-0.021125424321260577	
-0.11382363825156128	0.11748738157177746	-0.10893419908429872	0.021962391085241204	-0.20745247072904985	
-0.14291043838841205	0.053329081473191174	-0.09333583558248275	-0.017820976520654203	-0.056999216473635025	
-0.23476927756499635	0.0685364351623695	-0.1781567009660216	0.11116823516191528	-0.17138374512056634	
-0.029499366945360445	-0.034228716125672944	0.07301922590632084	-0.047011178046128664	-0.01921888525050149	
0.05293110962302891	0.0175146037081701	0.03597470207361712	0.06262116821942866	0.08251230428685277	
0.12873753698908583	-0.08999032806905648	-0.040929783074013765	0.028825099368193694	0.05256131749549789	
-0.11140111855111938	0.10272332401671153	-0.07127267653267799	0.08236664809242004	-0.04620545678934483	
-0.018669448568486693	0.05680861672680385	-0.014635233991611735	0.02719955089263976	-0.17539237980302094	
0.07917724363921338	-0.014381762025741013	0.09296800942967712	0.03268829956368963	0.024339144041824357	
-0.18531649449629486	0.12968932596598706	-0.08437538815023868	0.08527212773537877	-0.17702588434945066	
-0.07850436676635798	0.09165446828184078	-0.005833331141136662	-0.07945986840232819	-0.02278100114955324	
-0.05001737883503244	0.01050698340096264	0.0664140197364146	-0.01890018183316971	0.05956585519360403	
0.09191955841229985	-0.11836159477245589	0.13246866129208054	-0.0001982250515153353	0.195727640502917	
-0.06553189833093429	-0.07257285007422445	0.08651909260743271	0.03936363229798004	-0.0867999654555875	
0.05109261052049327	0.050775237692249287	0.08460490710929666	0.042304951725694345	-0.07514580760556706	
-0.0579212778524516	-0.10780440874118993	-0.06830998551689736	-0.07380158776182823	0.12517496181750465	
0.2535230024093807	-0.06919548046298446	0.23950396258396736	-0.21534157493394318	0.30345040393500694	
0.01715185429165758	0.09391914966393491	0.01220604385114199	-0.0962705421254114	0.060126534536123266	
-0.041791128527701824	0.057435409248063896	-0.014581948739660037	0.06532962786753897	0.06652052190954601	
0.042684627906602574	-0.08350351986146745	-0.0671340507917011	-0.09525435078659912	-0.045633633127603296	
-0.052385626900705536	-0.06431648040168819	0.060584839307124286	-0.005633283326706266	-0.05864476517873351	
0.04003967920008636	0.05183300313751707	0.10011628321621131	-0.1347191256647244	0.13400612359574424	
0.04876517081501858	-0.06091410377813625	0.01627178545465155	0.09400399781766247	0.06936576029800706	
-0.08249191967550715	0.010066478108209508	0.0023782224567826804	0.0857655260139759	-0.10942402606472565	
-0.17377021573165646	-0.055943875052494624	-0.06054553108323313	0.07304023894655469	-0.09010088597170117	
-0.03652751813556786	0.09772323088248977	0.015949043849159378	-0.023971765475289925	0.01018964382357937	
0.11041019888730633	0.013012427043686494	-0.002392925745913343	-0.1231925133748068	0.06304615069456831	
0.0960193481522056	-0.08124611141600162	0.10062809769580011	-0.1268020881770643	0.05031317691123507	
0.011035816329279774	-0.0435708821032443	-0.005670789719609785	0.039186952022614074	0.009483844213263107	
-0.5814354993104257	0.10019450633121643	-0.3526487532711914	0.37322345850790634	-0.6660896011602581	
0.15794307798561272	-0.12115370313929763	-0.00337295481218731	-0.019311352679484584	0.19040904447317197	
0.02377145204828941	0.03499936412298879	0.03942177325534674	0.07205828495228823	-0.09091474419530662	
0.053799844243448455	0.001364107087580637	0.048578920885902196	0.04967778573514365	0.1668180028869982	
0.06359018552987186	0.06474032575830957	-0.015319200252836243	-0.12357671240152471	0.04001452183435812	
0.08886909914630899	-0.12796028442953553	0.15020905834629394	0.008027070168046817	0.02811288106628385	
-0.02859578281308349	-0.04437742279310597	-0.052119439583311514	0.04232837741434953	0.01615973528126801	
0.08325217332976839	0.017549728241041698	0.07312181969626996	0.07027483297937828	0.07479856528308731	
0.03452987224634426	-0.00825607218172112	0.08924184788222979	-0.073202217267896	0.057480957400849075	
0.07641945981849423	-0.11539664555739923	0.056074208593450546	-0.047530016960623776	0.14300858318731166	
-0.11260706528729587	0.10604413321523753	-0.03932976288488912	-0.012523318947075575	-0.056425496667123404	
-0.0979656112148125	-0.042300152436040836	-0.0961292538217249	0.11808282320807485	-0.09698472198615549	
-0.11765955857968627	0.10499130074287574	-0.042470521674654996	0.10706983890813007	-0.008569010475644196	
0.021838531241950575	0.03137394806140041	-0.006265157427462274	-0.01754997716518931	-0.03478069838789989	
0.0007194650280435044	0.0889117946208291	0.016162016718075524	0.07071859453662249	0.0044566395419535845	
-0.02478711923636535	0.029353804192110058	-0.0037040821691353737	-0.03180664606520897	-0.002542883215396435	
-0.09485280854109021	-0.008013215215918324	-0.03037321419450587	0.035593896410396904	-0.010571804191528334	
0.009511593132445175	-0.04995648522493933	-0.034182707026658474	-0.01324607416920608	0.024064650028111312	
0.1400803959766616	0.059043865911245164	0.07618596004897839	-0.08450320132728005	0.047727574767504645	
0.027646979872900067	0.020629502619008266	0.030911985169370867	0.043295983197246	-0.01636456680577188	
0.11745122790303948	0.01649380158100021	0.09222381236867072	-0.073992358168915	0.13469460197769476	
-0.07490513202393005	-0.0272037409108967	-0.08236221878314369	0.08698938382366957	-0.047998322399063965	
0.009991906934123588	0.09017521446711507	0.0028342024098072806	0.041041435027003664	-0.1253787026477797	
0.01004631284693263	-0.036601613849341644	-0.043156121406229805	0.008518260169599645	-0.010213871008177307	
0.07497431826348913	0.08585504342439342	-0.06198226354318894	-0.07177345315576399	-0.07839788506556165	
0.1405654599923817	-0.0009161754805496903	0.03840030437750037	-0.1320065197443633	0.26868810591516984	
-0.035920181154867156	0.030772238158152013	-0.06538038212599512	-0.06663548589429352	-0.02063059666286125	
0.09873559099045764	-0.10255907482209073	0.09088191423306284	-0.052242660517063486	0.17096088957542546	
-0.03924655030423342	0.04209453191215804	-0.038692597076209166	-0.014155789563836188	0.10223730939238532	
-0.08495614638730829	-0.03861193953701729	0.08243296213768835	0.0626839185712115	0.023525064866772947	
0.0357282061696292	0.10274669631934095	0.03890771901684802	0.09179352916381861	-0.12396754900422048	
0.02438675772212509	0.0433451575655509	0.014430198099516024	0.06269497421696452	-0.10146134638653499	
-0.024160774123517647	0.07499880163825849	-0.10432179541386509	0.00027014570890800886	-0.07214388849309603	
-0.07450979999811108	0.07755637250136445	-0.04552736838850353	0.08811970034448392	0.042648296838824595	
0.01570543183198	-0.09057075240617109	0.11770341461995976	-0.026619502178975653	0.17605643623460648	
-0.02407730620563807	0.11572642551095969	-0.026994027801905126	0.03471316758262675	-0.1441939816290771	
-0.0790632563586482	-0.07676120087946871	-0.10365069031193794	0.07850096285115907	-0.17668032813850823	
0.04246116389615668	0.050453087667349406	0.08600892495029375	-0.0014547303645537244	0.037508753445587954	
-0.0009032368543339421	0.012593381153598274	0.10780590293856805	-0.06343440002616954	-0.03460852346879729	
-0.030933997804538357	0.04476099424699502	0.0030094125152862177	-0.0980632435284677	0.025382140674931393	
-0.1267202856744397	0.08585142010419045	-0.09066847063469002	-0.04522362570390747	-0.08924767196171997	
0.07086333897272008	-0.02353747844120909	0.04912026194728719	0.002747279124202258	0.00736768000472302	
0.15024415541522113	0.041985416231992916	-0.049754423150618954	0.01008050507409131	0.07857117211796347	
0.13012658054876397	-0.06888467081051099	-0.017698790403494383	-0.10727051686926875	0.044386317701084206	
-0.09400601735485711	0.035117661769475894	0.046475292770144824	0.052239363847072645	0.025723798826000933	
-0.05363364374848667	0.07755462982623053	-0.029562377676668434	0.07891108348385119	-0.008676265295205514	
-0.12722654178515774	-0.06456203777325181	-0.1350001146306561	-0.05221196570098245	-0.07959396054437809	
0.011492212624240964	-0.12276793672952362	0.11251611205856268	-0.07026489091227504	0.16904276644611416	
0.14147797031282314	-0.06356257384849981	0.09877548254140384	-0.10035944593987012	0.27296333436210035	
0.02649246821798152	0.06592255929866386	-0.06079394380584182	0.027367501254835485	-0.008187460696406875	
-0.024615382387743807	-0.07968131955077416	-0.023806480368197307	-0.06751043014172765	0.019488699976427513	
0.02364498217202272	0.07840028642602181	0.04406065728651495	-0.03486330647306023	-0.13108668836910908	
-0.1731012757218014	0.06643351640150445	-0.0061980045158366685	0.16794659073936213	-0.12057790334963596	
0.08099340244946679	0.07038248145815093	0.0037160629985901897	-0.07129712163823912	-0.011033735019830824	
-0.11955522640545437	0.07796439203391403	-0.10106747038940607	-0.01988570560810581	0.003377404356929649	
0.012632109032293098	0.07997722957586609	-0.01769340957600188	-0.022478633551259466	0.030353231205246665	
0.1899692899796168	-0.06225417314186817	0.05695796475720847	-0.06354200967381735	0.23671367244255676	
-0.06021030778327581	0.03207246401418486	0.09735882045902555	-0.1146973255994405	0.053783448341241734	
-0.10344213792937743	0.09619277875861543	-0.041652223532686494	0.08014708507046073	-0.11331204776367018	
-0.022738437589693135	-0.02504710715040992	-0.13050298188195328	0.04586553575572519	-0.10549361394076634	
0.022297119589689465	0.07639468167253652	-0.002384727962902397	-0.06256135558433341	0.00010573248542544998	
-0.03154677399291502	0.12839746868890148	-0.014447804110492733	0.1544504650407711	-0.2021811114840501	
0.008268464564519759	-0.08371570645350063	0.026537078365103346	-0.11687879179565369	0.1514672903861279	
0.02673253485241798	0.04794149418326674	-0.031963060215498315	0.013569842917914554	0.010292893742271502	
-0.0225512810692155	-0.018244062616783328	-0.11697530361751268	-0.03572580141092431	-0.020443289328769293	
0.03842706846906694	-0.00972966816032189	-0.03859834704048936	-0.010479610439956037	0.15535335943961137	
0.06610131485735622	0.018233871822543875	0.09529636568699866	0.07830984607010286	0.02086853130406334	
-0.05864887327686713	-0.09158994058410729	-0.06271332310000388	-0.028171371472550024	0.024069604698196093	
0.04341002056844637	-0.049416438126640885	0.057756864116449126	0.08192666126078284	-0.005303942708568581	
-0.023743748531757248	0.04864237231302667	-0.0401752615241266	-0.07066259396916781	-0.1049844915737127	
-0.011997671664951257	0.05198223266459954	-0.017662826351478752	0.0022640251147974313	-0.09485134423168518	
0.006327098939632328	0.016444193231712863	0.028687746876289298	0.03693206147190717	0.08368301482946136	
-0.023266087383295487	0.003574668404602109	0.05065485345651099	-0.012427368674754547	-0.06146557642293271	
0.11951041514173047	-0.052372992907821145	0.1411826853394708	-0.04170637314512947	0.14961255163344175	
-0.12316333820200376	0.013311374665639312	0.042247854478230026	-0.0805362225272672	-0.001731970759863918	
-0.026232296092499784	0.014253998157651033	0.03792937272412017	0.06902809338877053	-0.1783791482621357	
-0.04164909290663741	0.0849528889852752	0.039637955440483284	0.05394103825473418	-0.019312932674154695	
0.04731155193927269	-0.053304134120308294	0.03555253342311366	0.020198578064973192	0.026071467842177395	
0.003575978071281543	-0.03778123391364043	-0.00017487615234626041	-0.0016947778521964544	-0.027390662797531485	
-0.014452534132784758	0.061539681822441905	-0.02929302746640193	-0.057261352474083774	0.053456901684353325	
-0.09049645026587132	0.06667351132829906	0.015376953551632905	-0.01838711248772606	-0.1334037173455139	
-0.13233210201670148	-0.041767911601601614	-0.0798245030542121	-0.045489363029399627	-0.179744799403115	
0.07030657295045686	0.04859554838153707	-0.058613287371891656	-0.0736405189907227	-0.00473190515397082	
0.094681293195041	0.03933858635873265	0.018839158049741567	-0.0451558901565348	0.08255749657108498	
-0.1550446052571025	0.13071981555646878	-0.06001765166539382	0.08020600211573523	-0.26851331940127515	
0.10175845575211422	-0.07056128360187426	-0.053126611638370076	-0.018167985688563332	-0.0031619967092043066	
-0.05833107453719806	0.04225403010192169	-0.05643563169824907	0.020591645291106436	0.06731197657670472	
-0.03563326332069405	0.013851361238935891	0.06570053214704782	0.017667934607287897	0.047524332084600794	
0.024816248015781212	0.024698933144591168	0.1328999639116584	-0.05418399431664516	0.1534299034839251	
-0.027518677458239525	0.046446657127227065	-0.019387324795898955	-0.05781236009963789	0.04644112145078538	
-0.12255984641463363	0.09649311140136889	-0.05683629033473863	0.0354663794079639	-0.06429921402023415	
-0.09882474472167523	-0.04959827104187962	-0.10469374478459265	0.01718971318819913	-0.0836017838922614	
-0.05949325749675979	-0.06239410838700557	0.03189006397296094	-0.04912304541355834	0.04176251569057982	
0.08927145695884824	-0.0421466904145241	0.010721921516773484	-0.04326142446269755	0.15843898286281555	
0.048496678830094404	0.03207061062573208	-0.043052462667409176	-0.019315710229343114	0.0006321327042423338	
-0.06559101380060332	0.0914955811643166	-0.15650218238431335	0.14624341323602585	-0.24684676994720364	
-0.01382587952790703	0.0429204853564823	-0.07949425206647856	0.10481667175355883	-0.07625875070242856	
0.13285819063962975	-0.053761630215119	-0.07131072375744886	0.06931594468469672	0.11729882600491866	
0.019589870577753046	0.011742298601005204	0.022733230139302823	0.06965524169847276	-0.05299196286250528	
0.029360075320993016	0.059476596481651364	0.004825372708258583	-0.0027309288394746093	0.005214057941351593	
-0.02079750328647423	0.029582415010413077	0.13404386475771526	-0.09747752755713157	0.03895653320845379	
-0.04872134086017841	-0.04279696895895065	0.08179280231079193	0.003678201596151982	-0.033528866466721964	
0.03256721544784194	-0.076089579774982	0.09730061837025572	-0.09511196744359039	0.14302202168745257	
0.059500722120391196	0.04305152396276397	0.03448999782236083	-0.07130836805089798	0.13674129121781378	
-0.10912107086811618	0.012198363017744799	-0.074013523478736	0.05774224693486541	0.002010334021214062	
0.13511560687592816	0.007815370054937022	0.08948840888468146	-0.056933983379673994	0.13766109792991693	
-0.028131286724393398	0.08702674778883471	0.010198608033586508	0.0629301113242203	-0.021631716743488478	
0.08225240431669206	0.03996220125827575	-0.03020050558593577	-0.03588217594854197	0.20392904408001677	
-0.007514732134657998	-0.05629965363919129	0.05868594338772108	-0.041704405729200034	0.024611539392960003	
0.07566172294672	0.06751968247187534	0.06335457581521052	0.022921168840105557	-0.004909022685937237	
-0.04565481825761357	-0.03425216147740068	-0.1360518648341048	0.17685259478249005	-0.2951193535820085	
0.18416390445710826	0.032527407936713854	0.07259450373984094	-0.11960540592525615	0.2295893910148387	
-0.2451911975826775	0.011361140406426721	-0.08946352241627946	0.22557487339085242	-0.3303935877189007	
0.13026504780379985	-0.03765513517780638	0.07781553403546221	-0.05666674058864488	0.0831057987037668	
-0.06883148635528126	0.09524424481299239	-0.04545055705773874	-0.07426817322154598	-0.07944023593024335	
-0.24514267540326787	0.09691404625092541	-0.10075030577417632	0.15444169466744742	-0.2102761425814806	
0.0825496396657657	0.03158389055209474	0.07141253075075446	-0.03084327161146574	0.06165441633056311	
-0.04117426752502135	-0.04164717986796426	-0.048855048512906424	-0.030352357887601433	-0.01849949307050428	
-0.04602183848217523	0.1065434459395767	-0.05474572471949958	0.11312628091496102	-0.014104673914668303	
-0.04914999383172952	0.08013825748542358	0.007003343181757876	-0.03377196442458133	0.024799294452959118	
0.037157506559418345	-0.04584413603939433	0.0017098581333425914	0.00863330486294768	0.028670720685882924	
0.025467053365716436	-0.028873458119117856	-0.0157239205002349	0.020250433806606884	0.018587492455178257	
0.11425894284704759	-0.07547041309917527	0.04247790523459927	0.05761296309375419	0.03907100293720449	
0.12019160497842771	-0.05579077921475941	0.04639680940423545	0.01578699921969107	-0.003076434309389558	
-0.09724649748845665	-0.016655207525860777	0.0876963783713468	-0.03139437803391869	0.055948859096520004	
-0.06505273743451852	-0.031609432739509516	-0.07108045583238065	0.043354162829275206	0.03986152473936283	
0.037699463589783766	-0.04932079310274007	0.038472024324681775	-0.05454049181681009	-0.015070176813732059	
-0.025615575666462553	-0.02893841767597556	-0.08846903855174873	0.02632932537318794	0.04146332053633989	
0.022717738900567122	0.0296625512326249	-0.06601185715654845	-0.07011064021222752	0.00283500870517657	
0.07506654527090781	-0.0632093116905556	-0.007432176258348022	-0.014213533194019412	-0.0005421628160967307	
-0.06769784590279762	-0.031511871773037894	-0.04762391917929596	0.0689053886458958	0.06006644915528034	
-0.18128254218449358	0.0860303233438606	-0.1891624631619192	0.1100386302565074	-0.2731828300161713	
-0.004264500518781551	0.06039016313854394	-0.04830621325138997	-0.039000605932791844	-0.07787779345366737	
0.18996723857100606	0.05926772174465916	0.0945254263606332	-0.12340531199566138	0.16322241785417121	
0.04838270927985123	-0.019789863557258758	0.009663636018504989	-0.0044523490965590416	0.12213730223514477	
-0.253608299907197	0.12596196961191716	-0.1324374425219255	0.11341919768618115	-0.3471637854686004	
-0.0894010914664021	-0.06010089077228773	-0.015449467671087819	-0.07849822476296647	0.02473408219954036	
-0.09040148719022655	-0.043075223798611575	-0.08779266377606579	0.04070386622101624	0.03369123351789641	
-0.02428388134987955	-0.06236114799403576	0.04940096580598902	-0.03192414184690655	0.05906023348112857	
0.004924474946169364	0.0037970500936248645	-0.08798808662151524	0.027703149820796406	-0.020784176092346056	
0.26093079887882925	-0.12027600532716531	0.1945537608439949	-0.19553662640287459	0.5331896726235842	
0.038359112759733416	0.03328729903575919	0.05515843235753041	0.038356502992250956	0.06588678033511773	
-0.009313688523948182	0.08515577761139213	-0.09334587270526191	0.08389121339847158	0.09122476549924786	
-1.0799348889088904	0.4776688196415574	-0.636023383471706	0.8816525172583787	-1.5439090753301374	
0.3068397679176363	
