            A        R        N        D        C        Q        E        G        H        I        L        K        M        F        P        S        T        W        Y        V
 1 A   0.0175   0.1256  -0.0251  -0.0358  -0.0363   0.0669  -0.1323   0.0833   0.0498   -0.047  -0.0772   0.1018  -0.1574  -0.0825  -0.0143    0.132  -0.0298   0.0106  -0.0369   0.0313
 2 A   0.0003   0.0847   -0.109   0.0348  -0.0467   0.0478  -0.0725  -0.1603  -0.0597   0.0697   -0.001  -0.0143   0.2707  -0.0137   0.0347  -0.0058   0.2022     0.11   0.1377   0.1009
 3 A   0.0308     0.03  -0.0599   -0.012  -0.1209  -0.0649  -0.0886  -0.1016   0.1103   0.0182  -0.0195   0.0779  -0.0198   0.0302   0.1286   0.1946   0.0771  -0.0639   0.0012   0.0432
 4 A  -0.1018  -0.0529   0.1234   0.0105  -0.0814  -0.0799  -0.0245   0.1156   0.1128    0.049  -0.0565   0.1015  -0.0653   0.2101   0.0321   0.0629   0.0579  -0.0275   0.0454   0.0338
 5 A   0.0694   0.0122  -0.1323  -0.0336   0.0768   0.0666   0.0716   0.0162   0.0437   0.0573   0.0276   0.0786   0.0797   0.0138   0.0879  -0.0183   0.2061   0.0978  -0.2048   0.0412
 6 A  -0.1069   0.1029   0.0249   0.0015   0.0701  -0.0618  -0.1026   0.0341    0.111   0.0319   0.0642   0.0216    0.158   0.1248  -0.0785   0.0452   0.0274   0.0766   0.0737   0.0847
 7 A  -0.0869    0.003   0.0683  -0.1923    0.131  -0.0407   -0.057   0.1644   -0.068  -0.0535  -0.0071    0.006   0.0123   0.0059   0.1347  -0.0231   0.1874   0.0703   0.0619   0.0164
 8 A   0.0102  -0.0212   0.0942  -0.0267  -0.0824  -0.1886   0.0966   0.0385   0.0844  -0.1013   0.0314   0.0455   0.0051   0.0751   0.2068  -0.1205  -0.1148   0.0147   0.0175  -0.0133
 9 A   0.0294  -0.0011   0.0217   0.0595  -0.0621  -0.0871  -0.0778  -0.0025   0.0192   0.0561   0.0039   0.0884  -0.0139    0.052   0.0092   0.0444   0.0306   0.0069   0.2623  -0.1914
