TESTRUNID EPOCH: 56 L_PCC: 0.8442627350760559 L_ERR: 0.012824261509340887 T_PCC: 0.8280691587404233 T_ERR: 0.014131520649291034
180 LAYER: 1
5 LAYER: 2
1 LAYER: 3
56 :ILEARN
-0.06446892145912803	0.0968446377637522	-0.13480858321335695	-0.040213303825438224	-0.09568743745428585	
-0.10078855718383083	-0.045975175104640574	-0.038271705124469806	-0.011640556082328102	0.03421243068393273	
0.117957596611869	-0.14649966147685328	0.03580260995978053	0.07446871729625926	0.08330434329641744	
0.6193762948135048	-0.836078190009297	0.4247981197910601	-0.07296227009912586	0.7915509030758904	
0.006428853426440993	0.17502311574294366	-0.06512512640577091	0.047691638711626023	-0.001876359304330825	
0.04976079796420431	-0.07890533363315255	-0.10935704791888114	-0.06628558459933806	0.0582979989550063	
0.21183562257710642	-0.3769116988088867	0.29492412787388406	0.009702844783564774	0.43057326846951216	
-0.0467003252605947	0.03847859748019771	0.04342154737872665	-0.09744957362717073	0.034718104802623904	
0.18247563291078028	-0.05893681230696866	0.01685949130508137	0.05981706822412122	0.02873471205737872	
-0.01579221404246609	0.07590842199127744	-0.04567040735896058	-0.043378198943377216	-0.09742746010785942	
-0.14095725485161834	0.0954711824273122	-0.08371457127672624	-0.04665931494990374	-0.05745547231928479	
-0.18167532762534977	0.11644438972244649	-0.15372880742112457	0.009590496880641721	-0.09521837156240837	
-0.40201551668007335	0.44530858457030786	-0.19056400860147618	-3.516945843236911e-05	-0.5238671714789152	
-0.5177053978376334	0.6458056939642992	-0.4025074256219332	0.07380241369316104	-0.6561808201329056	
0.4607550451034503	-0.6056061932289158	0.18319901469201616	0.04753765664325428	0.5036234009316705	
-0.12400089163133285	0.14437417104706352	-0.1171356879180098	0.046114530042230026	-0.007575328787820983	
0.12861227251122112	-0.04039330483294387	0.09310784185949449	-0.02668434780102366	0.049203730756815334	
0.05272665282999086	0.00710832438539446	0.07326515187344891	0.03336022157587306	-0.011099523862953443	
-0.21460524305700676	0.24129484094533193	-0.12157864222883283	0.011733236483100574	-0.24111099320806129	
0.08075582429782578	-0.10503629782417126	0.08839141575273032	-0.1007178841706785	0.20037377388793043	
0.05963226361981902	-0.14099452990280872	0.14566838509192578	-0.012367975194918127	0.24491959432081803	
0.09285147108236876	-0.1901000109257939	0.13312268927225027	0.033790775295808304	0.18777707230805726	
0.265722243221746	-0.5567038712676522	0.3261607009360007	0.018886801443059577	0.36145074605371835	
0.1303495908338847	-0.06168573643316242	0.13401062618073323	0.035695711823315594	0.034716619372166614	
0.013759050319875222	-0.24728560218415005	-0.03230869167060301	-0.05815603848803238	0.2213285288956486	
-0.05737674708595811	0.12106582291313313	0.02632884868466981	-0.06334241629275089	-0.1380862507365409	
0.01715185429165758	0.09391914966393491	0.01220604385114199	-0.0962705421254114	0.060126534536123266	
-0.036781544201547674	0.038521240451425694	-0.01191427479166042	0.07198654344761449	0.07214033884578051	
0.011248046798083777	-0.072708954867863	-0.08801646209755767	-0.07573130885185253	-0.09108962429104767	
-0.22266619416232786	0.06520592220726436	-0.07675284274278209	0.021506785435922462	-0.22523986017355438	
-0.5380953407844479	0.5358118862050535	-0.4215311118713048	-0.10930021547149221	-0.6128865105707607	
0.04876517081501858	-0.06091410377813625	0.01627178545465155	0.09400399781766247	0.06936576029800706	
-0.405004766010754	0.4922790762219203	-0.261758293065413	0.065090453299706	-0.5906758263169888	
-0.07500300030340584	-0.11914072574694791	0.013352410658482482	0.021033271074255823	0.047455774844081956	
0.3874300534007346	-0.4827984484542165	0.3055671799899017	-0.04445723445400393	0.5875110281153657	
0.24390008552185438	-0.23900569725362636	0.10095751681334134	-0.08958409122438417	0.25884192905865105	
0.05687290155096024	-0.08440717217618617	0.09653187410282242	-0.050240647916432256	0.03617521048045614	
0.06874318260329905	-0.07159061381502543	0.0334338499692285	0.005285036915484095	0.09622755653582638	
-0.04371132291004156	-0.09108353441248121	0.04971406671050281	0.054926012503334724	0.08649487530190761	
0.010183321210198014	0.03782593498651976	-0.08908259972954698	0.055379951705020164	0.004279918823358374	
-0.11760842894265143	0.2937358039875424	-0.09129547965055931	0.0232424962475543	-0.35989170612067956	
0.1700787635157017	-0.20834623008544575	0.1343546802515303	0.08727095788351572	0.33189849216854966	
-0.0014725955824375322	0.08029777308476867	-0.08054644315518719	-0.0815339805041699	-0.05255162239944175	
0.04645770787458273	-0.1881430941295629	0.1262879470492088	0.06440598708883766	0.012307176280458788	
0.067000199920085	-0.23154674333897857	0.014049189623107366	0.05644941976190706	0.16536014090377682	
0.17841455271771803	-0.09500536931047153	0.1361113403746856	0.07075487682123875	0.18289179037402678	
0.17694153103602128	-0.2533913970591576	0.19743212878492236	-0.041381037997771986	0.2776277910430325	
0.0036922476231126358	-0.10452188692025165	0.019791179332054893	-0.011502884481344611	0.06787971220985997	
0.052912761626912205	-0.049636725288049195	0.07590617087358047	-0.0681144807653077	0.16894620317192022	
-0.0815893539296827	0.053282402473707496	-0.08642789148415402	0.04270063693505368	-0.08561021768837468	
0.1271677482004131	-0.20327666764659802	0.14191636952526274	0.10668142278440344	0.35948751305269644	
0.20970532651860957	-0.1749608446790207	0.12938335719349067	-0.034529569966659034	0.21755526713021894	
-0.248427805734995	0.44204451298793107	-0.1570119930986589	0.052487017920841136	-0.3305622272915095	
-0.19968548132840658	0.2388751079030077	-0.13731143839460633	-0.031574236703025574	-0.22490284194732865	
0.009207193013112387	-0.1025145681522939	0.04559022545944297	-0.011154910986896869	0.15829940655852184	
-0.20655679073606512	0.19948831594009567	-0.22212315153859072	-0.038885160629064865	-0.2283138261334005	
0.17094147812288019	-0.062171880147245756	0.09452621507766466	-0.043871581303850396	0.0861505689875785	
0.20141085367131978	-0.1732085581145353	0.13924067286055555	0.005473765431065827	0.226545748680769	
-0.07082857652089669	0.12005442755773343	-0.06553754140726901	-0.011673995182557524	-0.07942825095113862	
-0.048396291042973084	-0.06969610593305452	-0.0754860102630937	0.09025468323918094	-0.01621221473703142	
0.017879084323738286	0.09638180795565623	0.002295491524981934	0.007895748655726809	-0.12458686598074907	
0.13457547975501566	-0.18362475410482718	0.04329324443110933	0.026246904374678748	0.13596217046219225	
0.19615213492107916	-0.06922926414808384	0.021581442723730214	-0.07698277602116677	0.12342364383922395	
-0.18764287768998786	0.22167527777848473	-0.20274605627684672	-0.057852206843711375	-0.17935896951479668	
-0.015227081740237024	0.002361380137332338	-0.04547466188850229	-0.0806772601139973	0.02524249062227821	
0.002002962177442052	-0.07508665066146254	0.039692720379569404	0.015986056847554296	0.041843255447909324	
-0.1460224768711799	0.13787489590892443	-0.12806213142703124	0.002950044923235272	-0.07167293568737652	
-0.13787992467090734	-0.0006706651216348892	0.033850889087411934	0.0544795247509257	-0.06201188672986399	
0.1480919533056039	-0.02808502951202686	0.10708052064103642	0.06399449637036483	0.03227619983286584	
0.11831843195511237	-0.13397455334764172	0.08313308173764772	0.06771039032718389	0.092823848235948	
0.12617394858538022	-0.02351938916438484	-0.021550615828300035	-0.044201176110287475	0.12438172543410408	
0.031225942654885503	-0.054500956095853	0.0345333206786996	0.0593222386716867	0.21182198782312642	
-0.019623176464453832	-0.09546004712989878	0.08342368893646153	0.009125806229993332	0.1279878343860384	
0.030868022860586826	0.09633906232867073	0.0004545270160934193	0.005412349479947674	-0.07030562386631149	
-0.12259345608887172	0.023256457455516348	-0.12345824468759954	0.052706787812304375	-0.19108663923541627	
-0.08149636412564948	0.11430511052605274	-0.005294284457522223	0.036969829759679225	-0.12419332024827019	
0.06982392931715431	-0.07981887242165728	0.14558378072340333	-0.05887851616520833	0.055469322569504674	
-0.056053449110414176	0.051613573314320135	-0.021235153131995997	-0.08996529398261473	-0.0031983796689486668	
0.040638401312725614	-0.074709300883333	0.019574641731282517	-0.09915671068483627	0.15966103668463827	
0.10301330654839541	-0.07843033783452402	0.053458980896782186	0.003700800533649088	0.07826387643697318	
0.05834486366965818	0.09729708692641698	-0.10962438330257777	0.040978050692399424	-0.05210714919674765	
0.20797333213586963	-0.21748099112896063	0.029427138290606447	-0.08080724453110934	0.14673897453802862	
-0.03935988424966304	-0.01951576617984264	0.07222876512334932	0.04991339849757532	0.09568883066799642	
0.030346675793705646	-0.014891770492690772	0.015467065714966767	0.06919300796471908	0.10298434795432343	
-0.1712292443595098	0.06165279927576231	-0.15422773744582338	-0.07966867260577627	-0.15147968004617593	
-0.10054793393001653	-0.03916064332353285	0.021021472238665927	-0.019396817353859848	-0.006905452388778352	
-0.06432015764788439	0.0532603963262558	-0.041940981291567384	-0.003375126585412197	-0.022721747969133604	
0.09625025963311416	-0.09839913857309937	-0.03595372518014542	0.04931667489124936	0.11983772118472563	
-0.04725932290602555	0.022532681439578435	-0.05389474512276392	-0.09300922864132703	-0.02733063119388256	
-0.1499681680003116	0.3343483379382219	-0.1018835285029365	-0.07974158545242052	-0.3413192379463041	
-0.11880084427142995	0.03709063560469773	0.04313593262372329	0.0989282371097189	0.004114442990781926	
0.13963745436604336	-0.07142340550569044	0.045675042007391975	-0.055154970621798666	0.08114278953781656	
-0.04383170399605678	0.015680823069127926	-0.055226638743771636	-0.04758066033030095	0.09698454411930983	
-0.002653850341679982	0.029001049999264374	-0.03564503306449357	-0.0021342770675742985	0.016225580698073394	
0.33648712365885036	-0.3559440527135897	0.16824542720252594	0.00746653167466998	0.46953557713587246	
-0.07037468148150978	0.002845471876035409	0.06429311499564919	-0.09310075646692582	0.06769697629309182	
0.09060499297437395	-0.12175857831436565	0.09236333127413546	0.031687955719818146	0.2082852121894639	
0.1350566435220447	-0.19529104648051113	-0.03091038734208	0.009707962762591034	0.11280894229409538	
-0.09659131220644487	0.17304990950976284	-0.08243774160229562	-0.06258616094215597	-0.16516269683833126	
0.03878814148128781	0.1064685636244324	0.04815893526125449	0.08874218059223231	-0.09535811386521402	
-0.01869285809416153	-0.15611880655714844	0.0028805516838644957	-0.06658240135531107	0.13711306339620383	
0.2147654998508936	-0.2248171301201801	0.08196495722505215	0.0382533380270411	0.2557318130360067	
-0.04553144559543092	0.05102010434449351	-0.13169232977861553	-0.049995039876608145	-0.04879776216221381	
0.05765692878007732	-0.07044980713840619	-0.025063542337884104	0.021407137847824817	0.18319374330803026	
0.03810340622599359	0.052672581863414364	0.08187166283629789	0.08753246293774719	-0.006287108880442899	
-0.15520536587592895	-0.03451273011426058	-0.14525052891920992	-0.02029083005204515	-0.10578681241388388	
0.07953913139067287	-0.04749817896312483	0.08449967603165529	0.06056567433562656	0.062327306587316764	
0.1870655513909802	-0.1953622975861861	0.11049638584268197	-0.0983565131884072	0.2080602479677594	
-0.007034407009457514	0.05024282741687128	-0.009566515033469588	-0.00411740665328726	-0.08042284958986759	
-0.19691841927818582	0.1508916163081875	-0.1543811028456113	0.08953323810009767	-0.18775776602742422	
-0.1648593615763986	0.14784253747826906	-0.06121489442177228	-0.02027544925695297	-0.26299132103972395	
0.24704593548767037	-0.36249758144313576	0.23454348689383228	0.058527110685077585	0.3057464595538627	
-0.13427746096116014	0.03608762129186006	0.03285999895961961	-0.09685088568571137	-0.03400594658767659	
0.005335582853194872	0.024676344240805986	0.029943502049417616	0.01461944467943088	-0.1619951558448166	
0.06746379630380527	-0.069815796343755	0.12272733351805111	0.02513844765549515	0.17031715753379786	
0.04026031472779167	-0.08513921222121593	0.030294281827285188	0.04204140466260565	0.015353516372541351	
-0.14782646162615887	0.22603099858266704	-0.11087167526983033	-0.02583328664522346	-0.21093473412345734	
0.11678465888305017	-0.12798522633153897	0.05789244751431499	-0.06444729754506397	0.23581448638131158	
-0.0999724514612133	0.11044968316967764	0.0076040219474113125	-0.05762581715481586	-0.08723852875190208	
-0.04331376435383687	-0.1267627330569088	-0.017084300519640116	-0.0971808475198226	-0.034283630302725854	
0.05736494604777203	-0.022950811401074047	-0.06977331541831962	-0.08121879824785337	-0.005732635677915513	
0.30212251161642445	-0.2413218328156251	0.17183697976219436	-0.04022714072272569	0.36430088494865204	
-0.1172866681188756	0.2289249503718693	-0.04318741646389974	0.003375138453789839	-0.22829873037141993	
-0.00911250916835807	0.054213395504919513	-0.13934075224332101	-0.010081280325053418	-0.14725546088659808	
-0.006058527297300059	-0.05777593907213835	-0.023019912831985994	0.021699151638050092	0.1557921567522683	
-0.043509257432222705	-0.028305383851691988	0.059941846416708126	0.0254570251407448	0.06864436937084885	
-0.09819625568835101	0.11298893162706912	0.047009650897104134	-0.012454828020819484	-0.036540584751844594	
0.10790385648617383	-0.20020043647739733	0.06477677742976787	-0.025669849913770294	0.24450498616067168	
-0.07951046709266565	0.0743198449362312	-0.034988780829734216	0.0036148741678072183	0.008714685283185265	
-0.005664527076506745	-0.16019278816025911	-0.039397777002415764	0.006095769825958073	0.07276176512942308	
0.008560708152803822	-0.16151295656459347	0.09514627197536017	-0.07734403316708119	0.14145878037301832	
0.272913546061211	-0.4389689401200951	0.1543478338839599	0.06735094593073518	0.42108077049561804	
0.007196721763102955	0.02690985510394818	-0.06913073948534255	0.009509019218421597	-0.05181070483392082	
0.006912573338826647	0.10051148508937399	-0.12486195370187156	0.06840749842865111	-0.12196134039819978	
0.2051910154948986	-0.16870595821241913	0.08129478094757313	0.04631624195681662	0.212771356845553	
0.05174656444128089	0.021797337132690615	-0.15110891992481668	0.08690092414840005	0.002327759933606186	
-0.11440610938973424	0.15761084180120485	-0.09814162928233952	0.05775391139836355	-0.21367015736150796	
-0.025415898961324335	0.1585991966393842	-0.03436381382628367	-0.010018658290481857	-0.0691334345967619	
-0.25816301764808275	0.2695335554954303	-0.050659982532966386	-0.049193303886452426	-0.3018893648480818	
-0.10853373176876914	0.022279346630253417	0.01657128084721576	0.013002230823912619	-0.08513935378196102	
-0.1349711784264446	-0.004270183439720832	-0.009285956113930977	-0.03714114294541209	-0.055717017390389534	
0.1214346176755804	-0.12015244899283824	0.061697424861272034	-0.03525945114746765	0.2353725700744337	
-0.016856456957252644	-0.04455929597105005	-0.018998833570959436	0.029247119197030377	0.1055437605544881	
0.313738387542898	-0.380030826388451	0.2229025288369283	0.03806591752710419	0.397277889764265	
0.014862020282693915	0.057240291921323794	0.04377193180820993	0.056711203424655576	0.02495860490354596	
-0.029169139741781907	0.061904627229070884	-0.10120990534216538	0.007705332747609876	0.061809372049981985	
-0.08284511975501978	0.03877709942962718	-0.0015337038559765169	-0.0474146701605183	-0.0637374259692917	
-0.005530569810496453	0.09319514285482616	0.0037676694202356145	0.063637563721672	-0.14929585319841554	
0.20825977104285479	-0.22731094759513198	0.04131372904260682	0.08452433320191849	0.041248425799032075	
0.15739479521616756	-0.0634422174202704	0.06408212579271332	-0.039699757808689666	0.23198429532096881	
-0.09717267381390958	0.026334285327322605	-0.006219727672030101	0.07710969387806592	-0.07083501731425534	
0.15330456626224137	-0.12157543342087397	0.10270545998483566	-0.016805775142548517	0.1278747059199187	
0.08800832039290121	-0.11233479989367044	0.05292033484627644	-0.08829820950633262	0.12740728842585855	
-0.23128556919937376	0.2008749816965487	-0.0977027135747113	0.05530036373170303	-0.21667297696841684	
-0.027971522838076197	0.15520877229961552	-0.03513909340790638	-0.015328165617680979	-0.12408135379515804	
-0.1301729748470949	0.05603512816057388	-0.13217988404208422	-0.01378521705430461	-0.13837639129570675	
0.05374306732995728	-0.03234259447538552	0.00032805716183148537	0.08480106999133559	0.17704719342149497	
-0.1049400260097077	0.1468882852963577	-0.03344777045809267	-0.050836842883975324	-0.041201703815099334	
-0.2200556646408446	0.21190536397603468	-0.18669521956574694	0.03482281189465192	-0.3054267609905364	
0.17825064489021428	-0.19179359702512586	0.08669617739117835	0.007980794997202728	0.26012104860958546	
-0.10309397264544537	0.19176668824588683	-0.10973410711252955	0.0963862011726959	-0.26905339865712125	
0.364249004972512	-0.4249693075258825	0.21320712588260723	0.026727262844167866	0.3293394116558429	
-0.06355218983213312	-0.06763096440532226	0.10970152923420798	-0.034408905630562814	0.10546431778498945	
-0.06505273743451852	-0.031609432739509516	-0.07108045583238065	0.043354162829275206	0.03986152473936283	
0.14734883976015622	-0.2073588189578599	0.11329017302319504	-0.06370959873161264	0.1386907564120451	
-0.025615575666462553	-0.02893841767597556	-0.08846903855174873	0.02632932537318794	0.04146332053633989	
0.022717738900567122	0.0296625512326249	-0.06601185715654845	-0.07011064021222752	0.00283500870517657	
0.07506654527090781	-0.0632093116905556	-0.007432176258348022	-0.014213533194019412	-0.0005421628160967307	
-0.06769784590279762	-0.031511871773037894	-0.04762391917929596	0.0689053886458958	0.06006644915528034	
-0.21126545291518922	0.2931749466109018	-0.22700834092264488	0.023480858863599265	-0.24905814529401976	
-0.37824552776142933	0.5136259788751959	-0.32515110914881956	-0.09226166471111	-0.5859474304687662	
0.6123990240942834	-0.6091083146139564	0.3903373787451156	-0.07712670566229901	0.7553207461566186	
-0.03154288914987162	0.07044523202007796	-0.03823136364956584	0.03706642750425331	0.020758421431822546	
0.08071550141136384	-0.01628348009685005	0.10503382360137384	-0.08723095635623722	0.1329104842242373	
-0.0894010914664021	-0.06010089077228773	-0.015449467671087819	-0.07849822476296647	0.02473408219954036	
0.038886732162337484	-0.24080704061047392	-0.0002372049772886283	0.031194696507827004	0.21897139471458568	
0.07997550965344488	-0.1544356502419185	0.13168649507514466	0.006397570236437465	0.1920689533863613	
-0.024205362443452755	0.04115690164250705	-0.10714720686767856	0.031815806596012394	-0.06265638855522422	
0.36427445709347306	-0.6031834236521532	0.26020072796523996	-0.0264524809139573	0.6831208460016865	
-0.46305869898717955	0.4989289617846606	-0.3743157691925385	0.050801969177985504	-0.569585224505219	
0.23994414967711203	-0.5555176066625492	-0.024372190438142646	0.08320429013099431	0.5965172038602201	
-2.0271538418269364	3.09694039178371	-1.3315458458517029	0.2581433587932226	-2.846741485436974	
0.7677498626612673	
