TESTRUNID EPOCH: 99 L_PCC: 0.562222846026133 L_ERR: 0.017397408582427536 T_PCC: 0.6675808007885502 T_ERR: 0.026069108224563337
180 LAYER: 1
5 LAYER: 2
1 LAYER: 3
99 :ILEARN
-0.016595599059485197	0.04406489868843161	-0.09997712503653103	-0.03953348547363205	-0.07064882183657739	
-0.08153228104624044	-0.06274795772446581	-0.030887854591390457	-0.020646505153866013	0.007763346800671395	
-0.016161097119341036	0.037043900079351905	-0.059109550053696516	0.0756234872781891	-0.09452248136041477	
0.034093502035680456	-0.01653903952657461	0.011737965689150337	-0.07192261228095326	-0.06037970218302424	
0.060148913735107334	0.0936523151438795	-0.03731516436815144	0.03846452313386281	0.07527783045920766	
0.07892133270076948	-0.08299115772604443	-0.09218904335342354	-0.06603391608708623	0.07562850068588264	
-0.08033063323338999	-0.015778474998989572	0.09157790603010038	0.006633056994603412	0.038375422790094676	
-0.03689687379878741	0.03730018553631673	0.06692513437947459	-0.09634234453116164	0.050028862988993505	
0.09777221778129894	0.04963313087596788	-0.04391120158711897	0.057855865690297714	-0.0793547986844716	
-0.01042129476481897	0.08171910061861912	-0.0412771703252641	-0.042444932282730254	-0.07399428557634447	
-0.09612660842594059	0.03576710658797819	-0.05767437679998819	-0.04689066812555476	-0.0016853681439323448	
-0.14322258377479763	-0.010992414586157875	-0.14175784008735437	-0.03411059476019451	-0.03275231202830155	
-0.07953311423443483	-0.017188802436086337	0.03888003154554903	-0.01716414609461947	-0.09000930821078257	
0.021956644306165854	0.03934456208023276	0.022894758091172272	0.10225620400022721	0.03726709895578426	
0.08068038305757672	-0.0725050591707525	-0.0721447305498483	0.06147825774190477	-0.020464632602893287	
-0.05207206722093466	0.09225551191572394	-0.010100913198677303	0.06438697758048126	0.06552627750204007	
0.07666121824116198	0.02473444141112177	0.05018848680546745	-0.030220331604431494	-0.04601442164699479	
0.07917724363921338	-0.014381762025741013	0.09296800942967712	0.03268829956368963	0.024339144041824357	
-0.014724342787965557	0.1154050712913457	0.06877992806332799	0.07248801426588067	0.06452257192281766	
-0.08794130362212754	0.06413919748956744	-0.03271595482279455	-0.13352078246241053	-0.021675970283634133	
-0.063406875664325	-0.008386105967897751	0.038926941962983325	-0.05631546762604122	0.04174283921596894	
0.02900984523072737	-0.0948388672314559	0.0913874997692884	0.04222253231892917	0.10493812916431665	
-0.058342841618696746	-0.06930807213416863	0.0954655799882594	0.04597720302123555	-0.07738522018407792	
0.06265584620494462	0.05613336685837506	0.09925760160365862	0.05320259390912697	-0.05977878271225032	
-0.09349201092815307	-0.0936722194694528	-0.09099913305523769	-0.04842463959419408	0.0752070195780162	
0.01682280865952113	0.014737717188664559	0.0798554095878792	-0.06651289761205403	-0.03232064399925248	
0.02883790204709937	0.09919349846744693	0.02727416514802802	-0.08504523580011891	0.07496848468916296	
-0.05026659489971379	0.06275004477056892	-0.01833920502645099	0.07555207376405479	0.05343903729847708	
0.022506030033369435	-0.06748151225747849	-0.07312857960148529	-0.06496181365840313	-0.07616747409149045	
-0.04886671770003905	-0.04151870340563692	0.0828606466082673	0.039505206166143204	-0.05720603268084128	
-0.08560514406210265	0.09345526600005441	0.013620092383988425	-0.05934135306780191	-0.04953485108593532	
0.0543821202082596	-0.05836845556001162	0.023593958031268337	0.09919808186943069	0.07657355839046243	
-0.05231814639004734	-0.0016030641207536917	0.023557633249095364	0.06536661314588021	-0.0690348486317847	
-0.0871477984163847	-0.08185054117460386	0.008886044566844945	0.029675512123936418	0.02533603047627701	
-0.026087929062834674	0.10244976475039469	0.02923518351443877	-0.014163442065190953	0.023496879142601672	
0.0027102598141319017	0.01199595190073655	-0.10890676122710861	-0.13156265748843013	-0.08544058731976395	
-0.01473827443699745	-0.07929646139997173	-0.0025277228029731073	-0.12644718317948223	-0.09751974663550814	
0.060950912748669095	-0.06131314347533445	0.02789217617598802	0.004934061824746733	0.08496159407987014	
-0.04138257168647342	-0.08409641468441686	0.054549144644877236	0.05991031938954537	0.08901744080386817	
0.08362821272141222	-0.098556556914632	-0.05691498591182311	0.020617109916074645	0.08567381509454826	
0.17601696500428926	0.04806760434483024	0.19300894913031535	0.10809479197419272	0.09183038675589816	
0.012055226775060737	0.02761589242051185	0.030255499153933923	0.09946084229454086	0.10407336755867105	
-0.031803561539061775	0.0875705338875178	-0.07929495448305346	-0.08512364885089856	-0.0871039133048236	
0.008123088586679959	-0.09255287067799293	0.0985254381804485	0.07197996500166928	-0.08764685686764974	
-0.06476074888498895	-0.0335872851266326	-0.07380063103781663	0.06189813842531641	-0.031052669463341315	
0.08802149646667343	0.016402835989416012	0.07576639688236883	0.06894688907844437	0.08107846374172986	
-0.00802394683663861	0.009269363204074649	0.05972071823040789	-0.042856229653170486	-0.0019492954760144537	
-0.011269886362484174	-0.11167493374934728	-0.022583430544546503	-0.04321025234466641	0.018486966980902766	
-0.03695103938092541	0.07857774170503026	0.015571443056907094	-0.06319795967450699	0.05758584676510087	
0.014291970167772337	-0.09307012649634298	-0.02689013877420623	0.027998511908548764	0.07273917583121552	
-0.09991959502172852	0.09535182980621193	-0.02468393705084511	0.09475670767166453	0.02094322019481061	
0.062301432221424057	0.012715613334201004	0.021773573052722733	-0.04731393179075552	0.013533850832607844	
0.050004352740532	0.07166276728580848	0.05101643769353603	0.03961144968946059	0.07289588601091998	
-0.051774837661254285	0.02649776926484873	-0.030897064466768435	-0.0391627100806619	-0.03894972196054446	
-0.019704083306091885	-0.03652321080834463	0.024383873584060287	-0.013950545835747133	0.09476041558545045	
0.035560178286862226	-0.06028602231457783	-0.014659798130393448	-0.0313307520451154	0.05952776079171332	
0.07599965771268635	0.0807683911652744	0.03254396247505245	-0.045958347594048446	-0.04952665969908206	
0.07097958853948047	0.0055429292617493325	0.06043221680091962	0.014497703438321269	0.04662850505750221	
-0.031544374177921865	0.03764007547749428	-0.03368025401630861	-0.040952872150246206	-0.07656717141712256	
-0.08635813031665918	-0.024415164134380024	-0.08407478446034954	0.096563422746089	-0.06367742973384724	
0.06237173954410796	0.07499232899117964	0.03768265047718866	0.013898882549075148	-0.06780571263687825	
-0.006623995447338743	-0.03096558976895701	-0.05499200843718308	0.018502373753159357	-0.03754603245961661	
0.08326111069367015	0.08192710499031142	-0.048576341243560764	-0.07782173985119417	-0.061407453596177435	
0.029551290614519547	0.05905656246771139	-0.018098261786509744	-0.022831478569239182	0.11061714627460896	
-0.01683025634649453	0.023337013431047243	-0.05326677215214999	-0.07960654811484053	0.00317140339370596	
-0.03566375048170341	-0.08424726004088177	-0.016918465835790857	-0.021143498379770424	-0.012157669401916633	
-0.07252882490165394	0.04949965962519544	-0.05753767736829519	0.002419804312726504	0.055110978993659104	
-0.09553391440163878	-0.03512750805476271	0.07458447528002221	0.06894192152041392	0.007688118518908743	
0.07332165483330261	0.08996119827072532	0.06528139952586828	0.07082308876730775	-0.08025131963593034	
-0.005085833202534815	0.024166691007647265	-0.025403689627925795	0.02582820447856322	-0.13819070903345193	
0.05404774691099598	0.04634572014790539	-0.048060321340329386	-0.04858614023557067	0.02646066348602555	
-0.04477021908287992	0.052834658799602356	-0.028499722229598918	0.043487638807001405	0.08060971509771798	
-0.03995033209321999	-0.07139883434838012	0.08026168726985478	0.00831187577747465	0.09494807417101644	
0.02732088000037944	0.09878260492209578	0.00921416082859032	0.005285186781104262	-0.07291441938556603	
-0.03697323104443826	-0.09860826745181892	-0.07884983887050286	0.04131218313696205	-0.1049012417785319	
-0.02669138055125113	0.07246925056760883	0.03853554350147087	0.03818842841323372	-0.062272639808937824	
-0.01161914385031533	0.016315481468858237	0.09795034153274104	-0.059218754953375634	-0.05045341964752903	
-0.04756538324541762	0.05003448265959856	-0.008604934512861442	-0.088614112317781	0.0017032481220479179	
-0.05760796707126481	0.05972084895204205	-0.040533723698545555	-0.09447879760909927	0.018686489892924207	
0.13167331306993965	0.001817059052130231	0.12955066936092902	0.059340267164436744	0.0917807751685816	
0.09188686421235048	0.060792178299729355	-0.09353538667528521	0.041877450246259024	-0.006999703687298783	
0.08950978827901998	-0.05571345313530234	-0.046585596063126844	-0.0837052070245476	-0.014276234267242699	
-0.07819624719618634	0.02675735212238356	0.060592647474747574	0.03936009922403569	0.053242276215154094	
-0.031509176031296035	0.06917029660553553	-0.014246245000111485	0.06480197408246377	0.02529923172485876	
-0.07131539026595102	-0.08432262002901042	-0.09633347141739855	-0.08665500047212871	-0.008283237258313633	
-0.07733161544648191	-0.09444333023026602	0.05097229627809349	-0.021029903907872113	0.049387699121505035	
-0.04486573432144273	-0.02651935722273113	-0.05183735081368553	-0.03929406255620357	0.015527715415055028	
0.010112960450289494	0.09427666094151674	-0.052324939877460806	0.08233667829939838	-0.03458895248511673	
0.01558844814120265	-0.10177912864404719	-0.003203418259163279	-0.10721166408061787	0.07925757733375126	
0.07964247381396972	0.05838748458660052	0.08110735865467777	-0.07233891432880067	-0.07040221267655804	
-0.06247366541951321	0.024499180459984227	0.08116189920166036	0.09799103567181475	0.042224491753163174	
0.05003281015271123	0.08348940487766314	-0.014983690852327732	-0.04651123118823041	-0.06043435747140358	
-0.0761085899332542	0.06252211760656576	-0.07064152531655138	-0.04714050345461987	0.06381783572670616	
-0.037882549641158	0.09648348985858857	-0.04667225956967296	0.006730668994242281	-0.03710659776283008	
0.0821545662347675	-0.026688671229753116	-0.013281534545367096	0.002458538455672274	0.08777729547394267	
-0.09381019874576986	0.04337573272633782	0.07820379085846779	-0.09454255529650624	0.004410249450502141	
-0.034802037645994946	0.07189786417311717	0.011703310184503574	0.03804557363254957	-0.009429300009692512	
0.02566180750427144	-0.04198062966251484	-0.09813028440669685	0.01535118699741815	-0.03771115717350744	
-0.027638428191433886	0.06849958175126514	-0.055984754483594724	-0.08046631482208096	-0.0687263865402546	
0.13177501088566154	0.10487366973083878	0.12587446562510443	0.12457239744954779	0.006806222168185104	
-0.08394149101586773	-0.0553439565449156	-0.039072182105469644	-0.06649738528921777	0.019470605743827408	
-0.01728271699976773	0.06327030236544282	-0.06297392034619387	0.0403753059512621	-0.05192887503017223	
0.014843817768171938	-0.030202480555842223	-0.08860712010343347	-0.05423726580792483	0.03282051107095868	
-0.0005499813278937449	0.0038031968147357598	-0.0650559699782155	0.014143170309251274	0.09935068504164199	
0.0633670217583244	0.018874524766195555	0.09519781366618099	0.08031251693386426	0.019121586720529105	
-0.09351473493710859	-0.08128458083650386	-0.08692565699155473	-0.009653370261704944	-0.024913033366428444	
0.09507000685405731	-0.06640334136007703	0.09455751838653104	0.05349497377260262	0.06484756792489957	
0.026523163355599455	0.03374655404134641	-0.004623533295761331	-0.09737272861538555	-0.029398782891635042	
-0.001585639701288305	0.046018242218020866	-0.006274331450778159	-0.00851901678211367	-0.07246745181087938	
-0.09782225323930421	0.05165565209539924	-0.03600943238446433	0.09687669003870214	-0.055953154768168804	
-0.03225839490366407	0.004779227133226344	0.05097829141210655	-0.007228443219940872	-0.07503549137766474	
-0.04004607625655788	-0.00039209842360650823	0.031547966338067876	0.05155226913638582	-0.07730368335604819	
-0.09541697373552366	0.0038164644423978877	0.06199774213248327	-0.09747924659402474	0.0344939689307468	
0.0020149456606653056	-0.026687355905555838	0.035505885191135116	-0.005222630917243792	-0.14405698547748566	
0.04850755694044882	0.09229025102115769	0.13115178785818374	0.07635828890370625	0.10421629687573913	
0.03047727908090363	-0.03859041193035459	0.032022933786722343	0.04768320976554858	-0.00955798310133254	
0.07116567345078556	-0.06099250279825855	0.049464162066384654	-0.042079450762624517	0.05475985744883641	
-0.014452534132784758	0.061539681822441905	-0.02929302746640193	-0.057261352474083774	0.053456901684353325	
-0.03827161047386978	0.0466490135452855	0.048894630615546414	-0.05572065981835979	-0.05717757263587031	
-0.08455953509178218	-0.0833761063809219	-0.05644615226461838	-0.11821064365552078	-0.11145556432155716	
0.0349128047526821	0.05995530737947727	-0.08389409457432283	-0.05365953790284159	-0.05847486763923713	
0.09832380597200487	0.049016699463814505	0.031122837062504263	-0.024871845462625785	0.08729748995830952	
-0.012938808474096009	0.08469124302375505	0.04121036086718663	-0.0043937384069433205	-0.07475797925012827	
0.09520871009354953	-0.06803326993118133	-0.05947957495606748	-0.013763648967925812	-0.019159618844970555	
-0.07064970384714118	0.04586378387222467	-0.06225098662456281	0.028779128862332554	0.05086119011525975	
-0.05785352158333586	0.020190849621527993	0.04978567504916728	0.027643742124066673	0.019425460589329813	
-0.04234147579548639	0.04551539044644841	0.08711418267171023	-0.01633828250817071	0.05448813671561639	
-0.08877179206761694	0.06705432049799318	-0.06154999663557046	-0.02098062622200536	-0.03998379081492871	
-0.09209353648000461	0.07707421967615502	-0.03689803926368503	-0.0016757677093092293	-0.012157926585024693	
-0.07356777161141237	-0.0587091882221134	-0.08476223819353577	0.0015843399890574927	-0.04769008963340258	
0.02216830122141109	-0.05838113386639745	0.12153341331249122	-0.033019367634224646	0.16547578395005536	
-0.06624823067456341	0.013605979530606733	-0.09320393987876226	0.05580912827832983	-0.06430705709466514	
0.005580795681625325	0.04801550863181431	-0.07001370301654881	0.010217434837394346	-0.05667655833424412	
0.05183920986342894	0.04458303871124275	-0.06469019314458341	0.07239331153341469	-0.09604498009673115	
0.07204739948462305	0.011780762232187672	-0.019355905578830157	0.05174938620446731	0.043385800338493985	
0.1122425980847489	-0.03779735724112846	-0.07932432983862091	0.1001177744650421	0.0915355117629645	
0.01467822761219131	-0.011443832275206671	0.00011153686587826018	0.02616038923279053	-0.06800995008869362	
0.05406450506599153	0.05012486383503509	0.02264224230885195	-0.01962681520643253	0.03946160385286818	
-0.09937742843496158	0.05497932934491956	0.07928332049136941	-0.05213685851249908	-0.07584656313815406	
-0.09128990211198755	-0.056117360364863665	0.029153849555515147	-0.02546156182102347	-0.08776262308649277	
-0.06702416685353232	-0.03987519625552146	0.03024375269775954	-0.030213553032277792	-0.0011306896448049731	
-0.011176578596677117	0.06562707214630242	-0.014730369152753872	-0.030860235764899532	0.034994320961821035	
-0.05570358885329425	-0.0065508352146892435	-0.03704686253519672	0.025371120432566924	0.07547209493896254	
-0.010462199970874303	0.056891483758384626	-0.008606859887689916	0.03124586634342627	-0.07363180499449958	
-0.013403698606470366	0.08186239773098733	0.021095800206186927	0.053354917447420436	0.0009401216191788631	
-0.0003888750343985087	0.06857996803857	-0.08643861313180926	0.01465445430993692	0.08855251508658987	
0.003572009634464385	-0.061106838094423105	0.06958787848869524	-0.04967217152882944	0.040145207296507585	
-0.027294511591353047	0.0732305510331606	-0.022584511676716545	0.033500744540903495	-0.14351837776887422	
0.09786801123332761	-0.0844570859335227	-0.03557409727704608	0.08923047909135307	-0.098212179525751	
0.03345405319272723	0.05746073881384452	-0.05331354934215943	-0.0787964833813718	0.0175527651305942	
-0.004427599113555766	-0.07313227826886078	0.08556979856500216	0.07919399340132968	-0.0016909699966129316	
0.07134049930355843	-0.016284394847180278	0.036692980033260214	-0.020401872118415515	0.0011484034901620699	
-0.06208965943321454	0.09299778482218277	-0.041156862351149064	-0.07930808877671974	-0.07113691995419039	
-0.09718154116151141	0.04318913989247891	0.012899664048174816	0.058915670236950435	0.0014159846568272821	
0.05836420790083077	0.039152842854367875	0.055569695371835065	-0.018703426204582735	0.029554126637496236	
-0.06404114046140513	-0.035636007322419214	-0.0654790759760415	-0.01827255499734752	-0.05171625040688024	
-0.003838238051064877	0.1016301015237374	-0.016019199156083158	0.10983544179704359	0.047217316026582405	
-0.024981796321217803	0.07149689981671933	0.02391734787371476	-0.04959338397383213	0.05857113559537752	
-0.013412298253167393	-0.028497766533911714	-0.03394461269498382	0.0394737751226279	-0.04626997521875469	
0.11073111862368146	-0.02181148368219837	0.07067431530248099	0.04163402571621863	0.13717705506816777	
0.07767728687907718	-0.06312311152644665	0.017069691787650207	0.07964100920342743	-0.010776556193114059	
0.08437366109676309	-0.044201821908605825	0.02176623483875914	0.036490741953363076	-0.05435885332990318	
-0.08810003405411879	-0.012461487876430753	0.09896659683764626	-0.02265815341915109	0.06807032097505779	
-0.05904955545696314	-0.028861771599616077	-0.06325830600556138	0.049038658737177616	0.047907598572635914	
0.0455200245614514	-0.04567846813799078	0.048556491859046536	-0.04685714208975567	-0.004225962883229006	
-0.020508699573082385	-0.02658902154575227	-0.0817299915802153	0.03120822994503781	0.04836020265176427	
0.03483243541742342	0.035369358190614215	-0.050025899323884855	-0.05817871587719809	0.019442095129793446	
0.0798270563860127	-0.06102607798789173	-0.0011206994992661724	-0.00954553728193197	0.006127025484735578	
-0.0633858271520439	-0.029549438890611592	-0.04203393758892076	0.07295850621446699	0.06582454829881645	
-0.01389504258427825	0.02167018324031924	-0.06983571495414856	0.0026255865047677884	-0.03949429734220749	
0.07193019071384021	0.034319676181277986	0.026694802524484196	-0.07504973998616415	-0.005882424100222855	
0.09731455591737631	0.08965983481453302	0.029017128052088725	-0.06965502579360527	0.027825369743981004	
0.011991931030660062	-0.006913265968087187	-0.01581277494083536	0.018691217238658412	0.06851945702881357	
0.03527544049123361	0.008608771939753195	0.06542468342332472	-0.10173370099338903	0.07815908817358695	
-0.08028514521821052	-0.055879691914142	-0.003836811475491159	-0.06972197001915419	0.03690923815357464	
-0.0870884417981149	-0.04163191309014655	-0.08343900567809591	0.04380355011855581	0.038158066561488464	
-0.016058079452263282	-0.05851713549776669	0.05980445387180037	-0.023962738033525284	0.07009780006112262	
-0.09066231907881948	-0.036678021221946744	-0.2118722744897519	-0.05633489399917602	-0.1478073697868164	
-0.0260541495880637	-0.003381501789122604	0.013711412120840224	0.017271855225051827	0.13377213521079145	
-0.018874566432367755	0.058694700953357014	0.02110314508993813	0.08566696854436896	-0.017731290711637246	
-0.048177137331543385	0.0786978540466734	-0.09078820257514301	0.08845603674647548	0.016650428751815338	
-0.3233024666576567	-0.11851866739932201	-0.45374453515904256	-0.3201132964152246	-0.4603181169195838	
-0.3013346944735843	
