TESTRUNID EPOCH: 99 L_PCC: 0.8172544626913748 L_ERR: 0.010995517267932114 T_PCC: 0.8144339186370805 T_ERR: 0.01757725643946435
180 LAYER: 1
5 LAYER: 2
1 LAYER: 3
99 :ILEARN
-0.021792964858405234	0.04383535823189096	-0.10702302014394605	-0.044499505083193835	-0.07802654857041973	
-0.11514302989214155	-0.06471465454211997	-0.07102918553918022	-0.053427158391431404	-0.039451634487645285	
-0.018487334182445334	0.0376433299100236	-0.06280266700647046	0.07267384307703721	-0.10419687647338859	
0.03489222015365465	-0.015300390758936177	0.01055585440635446	-0.07265420434200878	-0.06940398650481133	
0.0699156767501298	0.09509022419654954	-0.027695763060812163	0.046057117803606405	0.0819268531081229	
0.05721520069152107	-0.08404537201148038	-0.11877977589759268	-0.08690585120336419	0.04343659834809967	
-0.09874858292756052	-0.016375470206560792	0.0688432174751893	-0.012335684847889923	0.008359756201694565	
-0.022841469048548352	0.039623129698199026	0.08152640746057496	-0.0848405292856306	0.05670276155339605	
0.12388211006152575	0.05235859921523459	-0.014876436654740137	0.0829673311297219	-0.05339344420640069	
-0.01880643298318626	0.0805423715122378	-0.05393682610148513	-0.04994799678057524	-0.07791669980460166	
-0.08561434848121417	0.03673152084707838	-0.04733599047827573	-0.03792641555572573	0.010790380365142651	
-0.15876344685761276	0.010000502161738119	-0.15136740387712855	-0.04929415406400643	-0.05125012356917075	
-0.07230903660478602	-0.01668160725485098	0.04536237387800324	-0.010103086798575588	-0.07970979545109041	
0.0872246440560921	0.03916608430752763	0.09721014813327923	0.16402084489770846	0.1134179449415824	
0.0746856497201233	-0.07196023045226584	-0.08133465629127706	0.054103892941805905	-0.03627763272165104	
-0.05511337012307535	0.08682703839085174	-0.01469289346972167	0.06112190128730982	0.05532744878460898	
0.07842053103166921	0.02501672114463156	0.052495444475965804	-0.02885843734126133	-0.045077307625670186	
0.12435038718195297	-0.010120867932995166	0.14263940743928608	0.07520138643836688	0.07397664987115796	
-0.0017452515053837036	0.09533713859588748	0.07616066643402197	0.09086765082948643	0.07847784613305936	
-0.06493816762638722	0.07891748460091706	-0.002673385662155741	-0.10978608149590097	0.017360941288153308	
-0.09911784304680071	-0.00019740834273137547	0.0027331729416280757	-0.09030081113100345	0.00532215043640223	
0.015037637133331675	-0.0967591233990112	0.06993150643777181	0.03092930754172947	0.08670573806653883	
-0.087826501294212	-0.07422599996136973	0.05659790859625835	0.021004031361156077	-0.1067485838104859	
0.05145019183040105	0.051398842283924245	0.08306405715179621	0.04877398845102647	-0.06735427391348003	
-0.12559167903400673	-0.09689056521938062	-0.13414160281153908	-0.0833994918786719	0.029394254401876346	
0.01380643659207586	0.011438212958436873	0.07523753560423868	-0.06385512591879386	-0.033220388428531936	
0.02556960830601841	0.09523539752181788	0.02159568969995273	-0.081901698926484	0.07262503045271357	
-0.08252937947451029	0.05930026440625901	-0.058539433126430056	0.04554111453572462	0.01421051797331163	
0.04610524861905164	-0.069395072501267	-0.045472478397839265	-0.03738293994944453	-0.04898585881181806	
-0.053127390577991276	-0.05234391818225469	0.07306498777651642	0.027278681020457177	-0.0795956099314943	
-0.0720952467527575	0.09534102450903799	0.026686429410835537	-0.053567696468020544	-0.04481831554697298	
0.044355040270831494	-0.060879900811639846	0.009991332880736184	0.09367387046832834	0.06638977597590828	
-0.03496833766970231	0.000502855424285616	0.043890858674114984	0.07744327782394175	-0.056127061562266885	
-0.06129731874017166	-0.08235005480762843	0.03557585008152884	0.047890945797431084	0.041108316535284406	
-0.03917067537689877	0.09817311586847564	0.01170506610693913	-0.023718381941736037	0.006637458882700084	
-0.059866768033825284	0.02449743041983112	-0.18512975479892482	-0.19099707694314108	-0.14458183831658597	
-0.09491082954205043	-0.0673314463360333	-0.10824797974012705	-0.20776775977588646	-0.18652400428917218	
0.08389261688031523	-0.05810864199067414	0.05107420319849003	0.023355907075634782	0.09874067333723843	
-0.008117236772952754	-0.08309699098725809	0.09299019199105146	0.08970037868706127	0.11952868237177379	
0.07908778845415033	-0.09749123973517934	-0.06377516150717093	0.007757818218273589	0.071091119486886	
0.15466654151186598	0.01719412279956446	0.16013597122517897	0.09842568487041012	0.05959792701026426	
0.038723261834200114	0.024330661721614768	0.06243631784967029	0.11941992982859206	0.1304652312553881	
-0.019764026348611644	0.09311782144230195	-0.06361299980663332	-0.07656402525430547	-0.07717127755431476	
0.026226501987412845	-0.09317895598510975	0.119259314551828	0.08806354443325802	-0.0734856174701812	
-0.048555896608422924	-0.03102779241246707	-0.0593918722786089	0.07719015016739504	-0.018824250955758733	
0.11388951989302945	0.018761581210860908	0.10728744656079488	0.09034477397143073	0.10921397424019252	
0.025651275151096484	0.012554655619514393	0.09868410283231095	-0.013282915591586541	0.03424823403403741	
0.0023616663977426597	-0.09789908733540101	0.00731101506930981	-0.02556547607859811	0.035888908806019484	
-0.05343259151310729	0.07708542414555454	-0.005007441843812697	-0.08126430135244912	0.03941316774544765	
0.02069412550624601	-0.08862182610159929	-0.02659711060029177	0.03284119258073114	0.07644759096163158	
-0.10570792793069063	0.09566436464426852	-0.03877554330098291	0.0873580941062099	0.00847921775742233	
0.09934787656241052	0.018004913308097156	0.06838426478953023	-0.018714590823818916	0.0515893866406697	
0.0457052199740221	0.07174455457923934	0.04053956171541523	0.03441542577056093	0.06536404595109231	
-0.10304456369302037	0.028665619584456056	-0.09885775958775075	-0.08916973726925893	-0.09590778762758342	
0.00671476465822775	-0.03340308518455564	0.05405150435223001	0.010406503161434499	0.11980835797057038	
0.06405052525535412	-0.05747576525153797	0.02029648636929143	-0.0026622067349849577	0.09191907869787501	
0.1009123093402623	0.08342129985307849	0.05990991317353064	-0.022259730307215377	-0.023286128724593524	
0.03752142645170775	0.0031267920070220372	0.016203401702214768	-0.018394685339904213	0.006586377849156116	
-0.05977281189521317	0.04788429966930785	-0.06666721431652041	-0.0666602074546454	-0.09480638653925191	
-0.06917200316685818	-0.0223234686621214	-0.07109394429046093	0.11366400833333422	-0.04604065428031702	
0.06350954332635242	0.07547203012689752	0.036333287162188324	0.01523855920464552	-0.06829200831436281	
-0.025871788889658222	-0.03137759536904744	-0.07751495095270236	-0.002040660068047974	-0.07069091580608383	
0.10041847663491653	0.0840292575144887	-0.02414878640443498	-0.06485407913892494	-0.04991235078190828	
0.06096067305754984	0.05124625066919062	0.02503028278388585	0.0012889442767454109	0.13061683905418864	
-0.008836565984481504	0.024920776416859445	-0.048948792101988645	-0.07192582365432314	0.008196196910919912	
-0.04522223505824213	-0.07238213944275403	-0.015014498726968941	-0.03106306970730929	-0.026734952474708373	
-0.06467605452315121	0.05154179936173544	-0.042394989527023835	0.006414170486351853	0.053642892928535246	
-0.08124810937927034	-0.03273372259418858	0.09107155101881349	0.07857671498908525	0.012198129054947755	
0.06490411953100289	0.09033836613457384	0.0576018489523312	0.059529175947563885	-0.10252700573930149	
0.024724629647860843	0.0395059308756621	0.00798568412355722	0.060666639987710914	-0.08462112265384855	
0.04536546108938913	0.045608090074183004	-0.06320704118784964	-0.05358427038257867	0.021858635698823806	
-0.06586550046164127	0.057309310209617874	-0.051171816002048	0.02074987374900962	0.04813305973736524	
-0.0634191171605971	-0.07347702763929702	0.04920256189551933	-0.010510052296177822	0.07255482818532165	
0.02600245634302066	0.0993009250178171	0.0005281612235778312	0.004908389397884329	-0.07527967389269284	
-0.036057450404778216	-0.09476800688669605	-0.08048474412255255	0.036687609258162474	-0.1151881299013405	
-0.01922383854139421	0.073821610005865	0.04855804503368846	0.043014464008860144	-0.06141091527990567	
-0.0035246614786437866	0.017307002794625975	0.10595383099565389	-0.051551164425073334	-0.042624874569846524	
-0.06131404087938826	0.050089622047852354	-0.028115622237973273	-0.10256689312929414	-0.023706503922535614	
-0.06282003582162186	0.05983811368355777	-0.04915401723679869	-0.09904388477415972	0.009767734464459646	
0.07331092107260365	-0.024036806046361766	0.047440650844140314	0.01290135231097397	0.027983126386326686	
0.10879954277539834	0.06258400984631594	-0.0751832040234119	0.057446992073844225	0.011871140999323513	
0.07562540734586458	-0.056655707267335195	-0.0645193868504661	-0.09769833486629202	-0.03528065700527636	
-0.07030904228447787	0.02752987829501244	0.06988394621717428	0.04440113352905644	0.058051247091043895	
-0.035612443823544795	0.06877985284818701	-0.020048534034460597	0.05901661052079723	0.01885640371305941	
-0.06079215712503638	-0.08232810758494394	-0.08909624992183575	-0.07779079698213345	-0.0020678097633553354	
-0.09726695760561122	-0.09634362604749382	0.02646362788011806	-0.04068779298114634	0.024803677564098386	
-0.0525017333400968	-0.014377764939340763	-0.05825479457529565	-0.04514866746979956	0.01665418458894158	
0.06590044136693753	0.08840237008556134	0.01791178671704548	0.12987821009965902	0.016211459377327368	
-0.012321020223813416	-0.10109997794179337	-0.03489444192511677	-0.13714210593998877	0.03848777686066966	
0.08248488181428978	0.06052030017049175	0.07671164670002223	-0.0672431146611927	-0.06758252483859245	
-0.06878047737149502	0.02501090933044115	0.06786169157063639	0.09277093931774595	0.03120774457800894	
0.04183226987063786	0.08138476560797017	-0.026292919447053874	-0.05508431043556043	-0.07324413530197371	
-0.08699373157824093	0.06226143376890456	-0.08766654116826793	-0.05675400971743701	0.04867756225487604	
-0.07362947620086986	0.094303293657559	-0.08837297503960902	-0.02674873868739729	-0.08678821326381153	
0.08867580973309933	-0.02554447572454388	-0.008086711288377705	0.006770401504923298	0.08989455671952261	
-0.0778148998431451	0.04506290643167224	0.09695891959067054	-0.08110090599412453	0.01897688592919846	
-0.031802716261801096	0.07266605533960374	0.01134978728055094	0.040959287714670695	-0.007188136833404377	
0.009480289344013761	-0.0424378574942606	-0.11527118802427089	-0.0008857620686717079	-0.0663358441399267	
-0.0519745788373306	0.07887582870796048	-0.07482776780089602	-0.10204611901723402	-0.09793051423236325	
0.0833745340537314	0.0881501932131226	0.05650576012515891	0.08444663335469088	-0.05540689411391445	
-0.06662249007495705	-0.05266540954009602	-0.017146275434760383	-0.05218700471836448	0.03279532387894672	
-0.005418010337458816	0.06531970056300442	-0.051669744812879094	0.048272472835620445	-0.04792919813374132	
0.040896884673156074	-0.026792540412235413	-0.05981067357781035	-0.03321954642058258	0.05281513669639732	
0.03292440930021244	0.008160269775275378	-0.02990232384672074	0.042867986893819654	0.12807285235315297	
0.06635100622604229	0.01978675886419717	0.09952253697437999	0.08002094949074935	0.013331548728706509	
-0.06901071019979406	-0.07804569219077184	-0.061272280779929626	0.01091731687070661	-0.005085166580786763	
0.1118923321621712	-0.06398152024860582	0.11057243803052164	0.06758520919608067	0.0778160280063969	
0.052404465998661685	0.03729523677188763	0.022150963824016025	-0.07619534581329646	-0.009213037035004052	
0.005003408214836392	0.04739389426902735	-0.0030226890759502733	-0.00424297758085912	-0.06925374721497882	
-0.11866396914929446	0.04948002112594606	-0.05511971293997706	0.07702884984829371	-0.08411419763422832	
-0.05454813471279592	0.002750839427577637	0.02683207057320545	-0.029281213705447322	-0.10449569891288046	
-0.014850986851632175	0.00394846107826542	0.05801460240990125	0.07265263753319345	-0.05652262913741751	
-0.10814322338434983	0.00272647949110361	0.04907333730139713	-0.11057703979086145	0.015614409780334359	
-0.017956311449505023	-0.01595791400754598	0.017053112009476238	-0.02232669080065957	-0.154167721383555	
0.043641623491935164	0.07671379465179085	0.11083190884093397	0.07983477066267222	0.09781001234240862	
0.04713420434870705	-0.04170574705088684	0.05023948402455369	0.06001524053534253	-0.0008926751699445618	
0.08577235350368276	-0.059366628538970824	0.06862440978752932	-0.030402039227094453	0.06625319449513035	
-0.03149918947969213	0.06052448310072428	-0.05305987036185996	-0.07456896322170044	0.030503184370787112	
-0.0683620835482262	0.0436448518793063	0.012745839951713453	-0.08420181778216042	-0.08901551168633999	
-0.0751095719427842	-0.0731410634620136	-0.03476827782167181	-0.10949797256200489	-0.10112703926465302	
0.027738973183436922	0.05961361434023418	-0.09092656484604172	-0.06204670351278167	-0.07029830883059382	
0.12324280684500412	0.04582062380223495	0.061419704962107226	-0.003783285224082067	0.10662442234607176	
-0.007945008917484606	0.08583308908043362	0.04920855665985221	-0.004470497465971967	-0.08144195537000172	
0.1057167005267885	-0.06608792378562653	-0.046463690996197245	-0.008419923050522955	-0.020580215269792805	
-0.07872117006948873	0.04587885873085314	-0.07311786757563891	0.019908768104646687	0.036388361059811906	
-0.03930789867368001	0.02229321962111497	0.0718011529627835	0.04212345957839932	0.032729882461316605	
-0.031052147674477996	0.0477870424297259	0.1005759789797388	-0.008868085766347933	0.05822135182518856	
-0.07450359912238862	0.06951056441401231	-0.04518667214603107	-0.01206416261357025	-0.0368888192774755	
-0.07167450805552038	0.08263532103256493	-0.015745261203654565	0.011603505817801108	-0.0012690057155224585	
-0.10407519935193539	-0.06159066834462788	-0.12539787186644816	-0.022767033776833874	-0.07241065256206597	
-0.03353088932766557	-0.07876169623879022	0.045613541401319097	-0.0777284929062967	0.10152208637905784	
-0.040511865955417566	0.01696119479990516	-0.06085001974900355	0.0765936584622322	-0.042914142123927246	
0.0004593706132359944	0.04754997456658032	-0.08062257734870439	0.008655657470143206	-0.056062033074942126	
0.05252192849991646	0.04517801043254776	-0.06926186315570425	0.07433666885655532	-0.09524707979103131	
0.0720343409752055	0.012785474934722403	-0.019520813581303562	0.048030594232172784	0.03163521778468445	
0.10240607109918903	-0.043511497722852586	-0.08664663881832183	0.08715528358830675	0.06756762726963798	
0.022172667652796012	0.0012840685895360955	0.02103203693718038	0.03396264512637114	-0.055042345692765456	
0.06284581664646914	0.05196571245897503	0.02830770574813199	-0.012383102164213258	0.04248137337218753	
-0.0961898818343438	0.055610716736741214	0.0792856339119388	-0.050354542142164296	-0.07562765446993426	
-0.09242358916124886	-0.043246737047082026	0.03167535231624489	-0.021795410437918977	-0.07402912676537497	
-0.05267621144345576	-0.040794910592449475	0.04580733506858776	-0.017418823608174948	0.015092609855833116	
0.011757044048733937	0.06861570522540346	0.009080857740441746	-0.01255773967896927	0.05255406759385427	
-0.04833116075019804	-0.0055823230899253356	-0.029825036107676218	0.029698196921914295	0.08001308535614332	
3.518331330024143e-05	0.058499214820115074	0.0011259722098084833	0.03779099497286966	-0.0684407037861317	
0.005584410227360306	0.08425210405078681	0.04129903168069131	0.06965104582812327	0.01663957928306719	
0.0149658471857384	0.07059611293361281	-0.07032122460466063	0.026263851589938197	0.09903120027820157	
0.02941394705132674	-0.05797796104369906	0.09701877198085788	-0.028734625579887152	0.06120606785846842	
-0.026786827992797784	0.08568780193262548	-0.019430861359039608	0.034443938267345674	-0.12942128744432052	
0.11097175017851603	-0.08243947732866598	-0.02332442391943153	0.0983080009397844	-0.09155055504530474	
0.06155292343526853	0.07247190853594204	-0.013390608139417785	-0.04856489140159556	0.05507101811172758	
-4.824865957825669e-05	-0.07193418528151417	0.0914348540113903	0.08380713972789466	-0.0026168653943639164	
0.08669522152369553	-0.014268249952137465	0.052810368560409056	-0.00879247483841447	0.011627088681774018	
-0.06017793266381274	0.09369836655400018	-0.03805086114530612	-0.07680982015880798	-0.07302887292436665	
-0.0916262596909666	0.04475828195510206	0.018510835333857764	0.06331764991606613	-0.00064627000305315	
0.0737189301209678	0.04116898774941085	0.07168708389898372	-0.007094028924581705	0.04003281182910834	
-0.043628554776197315	-0.03382586032329302	-0.04197320407512165	-0.0019827977634656276	-0.03074543325033597	
0.011095466453689197	0.09793434429042154	0.0010654888659141785	0.12166393699897231	0.05729381319526969	
-0.015606930777982664	0.07341455662761852	0.031450364883648906	-0.04293922755354412	0.060521467968938585	
-0.0052133637264996455	-0.02695115879828915	-0.02615771152434439	0.04633909819036562	-0.043183283583064246	
0.07113606184830344	-0.03976417011020444	0.021204789156476726	0.009558685824379326	0.08165146515129981	
0.11617065790708105	-0.05879550566583334	0.060757906147591155	0.11713084917363405	0.030838762883530497	
0.11638813955161253	-0.04063965049310898	0.05869100014756837	0.065220864467162	-0.023537116958394576	
-0.028260211949404656	-0.009343412404919165	0.16646578751403335	0.0353276004069313	0.13151718413726327	
0.015873833970027437	-0.022810254731888427	0.022115644034813774	0.12176930099214084	0.12769641180432217	
0.09785078549904073	-0.04253266061639819	0.10446850620716949	0.005625997484449067	0.052519593678478714	
-0.005349641443600731	-0.02659017832644707	-0.06271347569609949	0.04701088099189934	0.0638415725850654	
0.0732084813728288	0.03522168539138831	-0.006416514238787167	-0.020167964395037825	0.05809434500066409	
0.10401479674936912	-0.05953076766109394	0.024205025517475495	0.013422883931166698	0.027760411467738586	
-0.021130005251303825	-0.02736630296373638	0.00745877285968108	0.1091991450044257	0.10804098480405588	
0.0017228355794639404	0.02333203563570446	-0.054803851495054706	0.014062004367544954	-0.027993424736160996	
0.06598718608102797	0.0341412473492851	0.016640237585230172	-0.08501622480928603	-0.020171655664619058	
0.1388445951741221	0.09435164729752646	0.07719577946769726	-0.02943734406430673	0.07160834240856193	
0.006097824599359045	-0.006862218427510831	-0.023866033318223786	0.009784781905704311	0.05730480256534788	
-0.007860363109862701	0.009304962576844286	0.014844535098103125	-0.15290797980980445	0.022790596465549456	
-0.029342236585365035	-0.05350520515466552	0.05217001224043773	-0.020014762871982415	0.0887862405389823	
-0.029262114108193692	-0.03652987811278669	-0.018150781415457215	0.09978235819217168	0.10067025161625962	
0.019397081533991712	-0.05754013442743295	0.09843777909488963	0.01078742303100313	0.10689033140404045	
-0.2726348645305876	-0.021490316129171162	-0.4057392502704642	-0.23134095830452744	-0.3367615030154442	
-0.09292224363719898	-0.018986104610045657	-0.06487095327056794	-0.052494185470736095	0.048888706857841926	
-0.0018136562589351744	0.057665806534060664	0.038112583663108275	0.10025343641690482	-0.003719849024274444	
-0.0665210398680902	0.07900775324656147	-0.1038481755983372	0.07906042491172027	0.008030829178250048	
-0.5075855556900812	0.03361555558185357	-0.6647334053441257	-0.5333531566237998	-0.6379743792022532	
-0.03140452703253017	
