            A        R        N        D        C        Q        E        G        H        I        L        K        M        F        P        S        T        W        Y        V
 1 A  -0.0633  -0.2242  -0.0921  -0.2421  -0.2016  -0.0859   0.1333  -0.0827  -0.2219   0.2892   0.1382   0.2099  -0.1918   0.0842  -0.0352   0.1145     0.03   0.0106    0.244   0.0784
 2 A   0.1822   0.1393  -0.0338   0.0348   0.0249    0.021  -0.0751  -0.1819  -0.1948  -0.1354   0.0156  -0.0143   0.1403   0.1219   0.0347  -0.0723   0.0414    0.054   0.3193   0.1357
 3 A   0.1667  -0.1634   0.0001  -0.1355  -0.0837   0.0143  -0.1933  -0.1929   0.0291   0.2202   0.0975    0.039   0.0959   0.0523    0.032  -0.0451  -0.1363   0.3468  -0.0267   0.0213
 4 A  -0.1092   0.0169    0.055  -0.0918   0.0975  -0.0492  -0.0758   0.0913  -0.0935   0.0375  -0.0312  -0.0146   -0.016  -0.0852  -0.0475   0.1165   0.0993  -0.0119    0.369   0.1552
 5 A   -0.003  -0.0365   -0.051   0.0493   0.1948  -0.1454  -0.1782   -0.034   0.2032   0.0935   0.1145   0.0405   0.1341  -0.0776  -0.2167  -0.0519   0.0409   0.2689    0.164   0.0954
 6 A   0.0712   0.0069  -0.1169  -0.1495  -0.1959  -0.0446   0.0184  -0.0224   0.1141  -0.1159   0.0358  -0.1452   0.0936   0.1344   0.1877    0.092   0.1867   0.0766   0.3375   0.0855
 7 A    0.256  -0.0352   0.0654   0.0442  -0.1537   0.2024  -0.1223   0.0564     0.06   0.0504   0.0868  -0.0973  -0.3527   0.0408   0.0924   0.0754   0.0298  -0.0809   0.0499   0.0123
 8 A  -0.2448   0.1099   0.0748   0.0475  -0.1704  -0.0921   0.1325  -0.0078   0.1204  -0.1615   0.1197  -0.1347   0.0534  -0.0334   0.0302  -0.1188    0.128    0.065   0.0611   0.0196
 9 A  -0.1349   0.0352   0.0217   0.0595  -0.0621  -0.0871  -0.0778  -0.0025   0.0192   0.1711   0.0814   0.1029  -0.2818   0.1749   0.0092   0.0444   0.0306    0.203  -0.1319     0.02
