TESTRUNID EPOCH: 69 L_PCC: 0.8368875214724933 L_ERR: 0.010139186549461571 T_PCC: 0.7244163955550847 T_ERR: 0.01674866904235967
180 LAYER: 1
5 LAYER: 2
1 LAYER: 3
69 :ILEARN
0.2192188109802099	-0.13834800251868906	0.13261306321059216	0.13221975596822352	0.13423545910729606	
0.011416447949834463	-0.13201849251608866	0.03418334888749845	0.12349066017305896	0.1004677204100727	
-0.15158542652351772	0.17082249269066338	-0.23620305172715236	-0.05199345808297525	-0.17884594703757098	
-0.14865665101656733	0.12990842998913468	-0.18998987726907904	-0.20328548978594724	-0.16894248290725838	
0.02438836541682473	0.15805249929349727	-0.12238524109618927	-0.017905526727005728	0.013637877044370673	
0.08100417431270772	-0.1369216762222672	-0.17755250473369827	-0.041140681354604906	0.09810564809533032	
-0.2185206459188688	0.10724519680683964	-0.09879197397623733	-0.09942476513244536	-0.062161329820615466	
0.1467952261527743	-0.09679607500590574	0.25232803146223803	0.021232627131915215	0.222101916228048	
0.0684575443687592	0.062323605977053234	-0.13737592009432392	0.08170666788457805	-0.10184689387187736	
0.05189239693745718	-0.01760616652369461	0.028744667573343277	-0.04564471363928447	-0.054491889999696785	
-0.20415182290447054	0.0321839995919762	-0.1439901871016023	-0.10699487117108836	-0.13631534745421622	
0.04749575488705655	-0.11581481325427763	0.028149992177958126	0.15735035821338866	0.18084415855990837	
-0.374047555130146	0.21926153860380615	-0.2829669741218048	-0.2404639433322075	-0.389947192888123	
-0.23682162762779607	0.18346481362075773	-0.170810213245979	-0.05039582706762726	-0.21831922528103417	
0.19155999076851296	-0.18889010893740527	0.031826472941051405	0.16121998481208552	0.09856997237832188	
-0.10955104172259916	0.1732757926551603	-0.07638477059895844	0.024336820795904185	0.024749475485170334	
-0.08584775838771412	0.21853673128132878	-0.10314278135665056	-0.16451399564516864	-0.188139612091781	
-0.23331271893132302	0.2246865598222686	-0.18181919359000442	-0.13891178448777344	-0.2649762138230507	
-0.1308283072627014	0.07863208365388898	-0.029874366568242192	0.025154036282126143	-0.09117064430773127	
0.09608585172252923	-0.060577344845122526	0.1680157156860594	-0.040700256154059734	0.11294528953150407	
-0.44085901395001537	0.4433761527443986	-0.3686046109205882	-0.37494977338028423	-0.3141947452739618	
0.20148699816039312	-0.2180113209279255	0.3036627834581775	0.17935987134850961	0.2598384710090694	
0.04067293705550867	-0.1642990651693576	0.18565253061104406	0.09975201796637913	0.0013525288657291073	
0.18124352227456045	-0.09337887189776663	0.1870946849348315	0.1313495931189171	0.052244509311785724	
-0.18884598581452605	-0.0031629058745223514	-0.1818938216331866	-0.11832899873207645	-0.026863574101588062	
0.07220313229500662	0.007659576273783497	0.13418448761303317	-0.05385973313793787	0.01440274303192502	
0.033807195429776817	0.1278657788451091	-0.0006226192222130145	-0.09753760606973401	0.09554783409947364	
-0.08865371243298595	0.05112323895648238	-0.08937035960171232	-0.019241720258257697	-0.021808855739072257	
0.08722111868159386	-0.09852004111947821	0.0013135242211353207	-0.018439437950397253	-0.019723577979943407	
-0.10382711346333102	-0.04065453030807852	0.04461973526326284	0.04367110034476427	-0.13121800165354783	
0.039453628849401554	-0.037983907317494306	0.21156837759774227	0.10248714356438894	0.05511092204113869	
0.16918853978630127	-0.15875005654951382	0.14110253861113345	0.18221458082232167	0.1803762735165837	
-0.11513477529664513	0.11012339798419224	0.00987388731350295	0.05198560337766649	-0.14093524617713676	
-0.16175495693046793	-0.014272814401237984	-0.01789916327452312	0.03131041196339271	-0.03129480482899392	
-0.3879732734984518	0.29492505510763395	-0.48450300297613014	-0.2983613224495761	-0.2637926294101415	
-0.04070711133911536	0.14652577432498562	-0.1437144689677782	-0.1961226133839255	-0.12290103244801083	
0.16556382555362834	-0.1950549748682866	0.21558148397747717	0.014693497392503956	0.07850644581505703	
-0.005280073817420216	0.015483717072518565	-0.02025958914466874	-0.020092924981926434	0.031046867634382958	
-0.12411495516989016	0.040150806740354705	0.005896753239169626	0.03407992133318188	0.02778530212663725	
0.009101502681708765	-0.008232004324932353	-0.11325662876519416	-0.003460540743046642	0.010154986870051851	
-0.16647586915554102	0.2791182411736058	-0.164522555031622	-0.16071287414322047	-0.25449237469481045	
0.09142052358873881	-0.09935403482883311	0.11917260255389867	0.2122417021927846	0.12187810192754765	
-0.10380604964946115	0.14827519393340535	-0.08138011751772736	-0.054937575689672835	-0.14738336570928254	
-0.08068027895731815	-0.03061427451912352	0.03884692082809145	0.08883787653263787	-0.15310099898648485	
-0.0037468960377124313	-0.1281633808773171	-0.02432756343115654	0.13086731751743017	-0.014240521802794408	
0.08097797599835045	0.0019084699044254721	0.10500416958336233	0.16236453115262037	0.052203034911430204	
-0.17306492735061965	0.18476321607478688	-0.11251398478118085	-0.08760036886285534	-0.14741595285063852	
0.06432278904826713	-0.17191483933541454	0.09632159421786184	0.04797136482109727	0.08908178769894073	
-0.1385793538017155	0.15305557092569771	-0.05182773082631678	-0.08463001639552753	-0.020389182119245574	
0.040601277379974966	-0.12018395916748657	-0.018973708256976588	0.007702551869812263	0.10119041910282076	
-0.058212858216273894	0.05133448163150916	-0.04404807860354594	0.07738233918679137	0.047086320925592146	
0.14165957235782028	-0.08196070503211876	0.16127296624012052	0.11705863203950673	0.057341458171848075	
-0.010322767491119315	0.12304590841394009	-0.03340540347454533	-0.02493602329280397	0.010799206281041451	
-0.02496624377073521	-0.010567063492147189	-0.09001363871403598	-0.10981850888090541	0.028076070280223655	
0.008046654735774993	-0.07534374600023597	0.11572443080622286	0.060025901239729854	0.13959804979944082	
-0.08128407191271066	0.03218274971033154	-0.09547617900984345	-0.08044354802027363	-0.060363243571984124	
0.00741189475234668	0.11886085062118677	-0.00944033887768504	-0.08195207084986625	-0.13693641686612834	
-0.14300420765460925	0.18580795605364944	-0.20392607045528394	-0.21226149273292189	-0.10741240781279886	
0.013387709366446822	-0.015060374340311253	-0.010186433023982455	-0.05415040939391712	0.003997495270298181	
-0.15023038206549652	0.03175142903893352	-0.1746216016546044	0.0008662633787540208	-0.12857448489013806	
0.200453429005581	-0.10018414739578752	0.1729441532650611	0.14948408901165963	0.025396742854751107	
-0.03759881422560243	0.006526616760186494	-0.04949630843077749	0.014622180482215705	-0.06439695544649204	
-0.0461068700785005	0.1693714048432511	-0.14327305717777464	-0.1299066310961722	-0.18972768691502123	
0.020640423835413747	0.08493892257168971	-0.07340231134697904	-0.05670116271114651	0.04727219876648628	
0.01921206411749822	-0.10180759731536332	0.023646461600224884	-0.025964250066024375	0.003078269845017736	
0.019899023094568993	-0.04146415276263136	0.01660316635333885	0.012274164749478159	0.014694123977084847	
-0.030769685980292436	0.07770080917496748	-0.0453484074871953	-0.01076396942073969	0.05395233083820532	
-0.12292826492418903	-0.011073301669527033	0.024819414940627164	0.09533399128585572	-0.012582748132755037	
0.08529762938216015	0.05536546810142537	0.1033073003631778	0.11525989295482933	-0.05990753098717639	
-0.046395248113609344	0.02489764611198702	-0.012823820727538156	0.022697102731470527	-0.14225855353337588	
0.11691196022884001	-0.09358001296745382	0.02811391429355742	-0.02502067714588713	0.08905348908166205	
0.07674962192760489	-0.0319658627380111	0.10266030124004032	0.16164915851559106	0.1873735472277874	
-0.10713833866010714	-0.055866347546336195	0.025741461019794184	-0.03921643147343352	0.035020598024300506	
-0.006818108404121498	0.06948508686244868	-0.008370899891768986	-0.019112938987240247	-0.07780811871525532	
-0.07592256039427522	-0.022163597355147686	-0.1909461309077982	0.06751612067707898	-0.11010320633434982	
0.035453041877448827	-0.019503950513451173	0.0688894261564356	0.1276596735720364	-0.021161947147497452	
-0.14030290269692117	0.10792087096163197	-0.05403999141897495	-0.1293868520239921	-0.1693631954321168	
-0.039758022393146734	0.09561632262327864	-0.08463756079731456	-0.13539152643606228	-0.007862133418951388	
0.012403189521244147	-0.05709857046291827	0.06690512744257082	-0.04018549549112767	0.10500536793631127	
-0.017523700077738423	-0.021050859014773958	0.0020344893959611714	-0.047092415394267145	-0.05564809022085888	
-0.08342183729863668	0.2234928116135495	-0.2571216330145636	-0.07222755835402916	-0.15334570339960008	
0.16997022966383762	-0.07232242978599365	-0.09844363881712027	-0.12912297679039794	0.07283666806279061	
-0.018109291542532355	-0.03590209581121967	0.1496494663854815	0.11428148643857518	0.08686142321735438	
-0.20202360412204096	0.22199546956302196	-0.1879476875338954	-0.01454566002977999	-0.13315211933091603	
-0.05684036375236243	-0.12675926760701514	-0.01389351417029838	-0.030889550083015214	0.0003150708653816339	
-0.12199420049905785	-0.043328750762088454	-0.03816077864375541	-0.06435402607648845	0.005445714105058051	
-0.010235887257150779	-0.026704027283792696	-0.03988441651044284	-0.0028716020122932905	0.07392172643659292	
-0.0475906013561717	0.12652535558063147	-0.05337602265178258	0.05842561830674621	-0.14211569937426977	
0.0386262087506071	-0.11109816635139036	-0.009653654087850874	-0.07204614003018574	0.10729806109781476	
0.11525021320307267	-0.034895493778913725	0.11945746864545817	-0.0013567129486971633	-0.017702511781357445	
-0.11861494263590303	0.061201421174258655	-0.004030819019604043	0.0688599865140375	-0.003610419572017225	
0.3231623864575679	-0.21467211840987552	0.20558305205588256	0.12209780981296496	0.20235111288306304	
-0.19485825917642632	0.1865805124378438	-0.22404977968824136	-0.13388795205289086	-0.042884821829929	
0.018628321663302347	0.028502657694938822	-0.004281138782319	0.030346302515240228	0.01917351403684914	
0.11127207552371253	-0.20005078857646935	0.0263207124966756	0.07673449345313754	0.1650685634943564	
-0.1770016330992989	0.09664142249739528	0.030977334874249585	-0.14828559782139336	-0.05843303324367794	
0.03673603990498718	-0.04483086080486178	0.10277177831693096	0.09458431179779549	0.07621264734450324	
-0.009012038623544348	0.02972916641449574	-0.12041662955527835	-0.03931572134234103	-0.13422691361840927	
0.008960009686912422	0.08349769191637692	-0.03865200743720152	-0.06059411005644807	-0.01844587761850431	
0.08236543631324571	0.04189460186528247	0.06721546497170476	0.11599615760231144	-0.03250057458961152	
-0.021400870863214076	-0.1477958781683744	-0.012917396176933351	-0.021160093409342266	0.08573509568891684	
-0.007219575371853057	0.011556931338770546	-0.006898321339659106	0.06919096307486144	-0.029230644601220095	
0.11048051159268708	-0.14993028507845654	-0.009439765438546383	-0.046469924746855934	0.10393880303423232	
-0.15568071972272984	0.11931120531186613	-0.20365636153712674	-0.1258389193419778	-0.043252501168882386	
0.09265466762318038	-0.017818052830550716	0.09423274381060667	0.12904264387333608	0.0638859077013975	
-0.051945726303301264	-0.1499956592713297	-0.04741604049401117	0.004285388034663697	0.0207154749782665	
-0.007516147464481762	0.006059487714987311	0.0056910325171526934	-0.03550879055788224	-0.02734266605628944	
0.07208820612105585	-0.01845325559488885	-0.006765977754671848	-0.027584664888895938	0.031536676926140976	
0.08694883785768502	-0.012142544031447971	0.09419564440648265	0.013488239679030128	-0.000714056338830979	
-0.0862619021003148	0.03270421574774749	-0.04618721361158099	0.10762635457460822	-0.0773006507439495	
0.02536993781613879	-0.09072370994392222	0.109061872786001	0.0818881619935158	-0.058023424931434975	
0.05503585587355956	-0.13370255472331677	0.14969487629965117	0.12032787217923535	0.032564298496093276	
-0.001148145190618564	-0.08856923424100221	0.13868997759686297	-0.01869486309454638	0.08263520114164857	
-0.0064369816241775304	0.03094408626424161	0.04857590887296104	0.021062186293114876	-0.15154118751012377	
-0.009107369590529811	0.0466241055817098	0.047196640314088975	0.011032822522783618	0.038634496213799385	
-0.020921103557124975	-0.028228209579666774	-0.04774789933672347	0.007576322038429251	-0.05693941406850429	
-0.014036454748318645	0.007216338936833944	-0.032595484254377256	-0.09385254206897645	-0.03957681202706687	
-0.004158079044809872	0.07049021455061831	-0.02258316141066353	-0.04736213416238253	0.06797390910580736	
-0.006057001843201772	0.03179962271811745	0.09000282625091775	-0.04504724496736617	-0.027017811757424827	
-0.10508502253701034	-0.024573503388328227	-0.09692624531787668	-0.12803426514914124	-0.14629729411349307	
-0.1019863640838399	0.1856566127055772	-0.24398701742873238	-0.19827317952606227	-0.16356588023126692	
0.13207299559865054	-0.048957252385144985	-0.0023160744835190395	0.02097296808796227	0.13491883497469942	
-0.04090879061977033	0.04538424310875483	-0.013120817358759676	-0.010590341472356391	-0.05044672790950878	
-0.06621228203422833	-0.010668151117046509	-0.2619696142670468	-0.10570300562617235	-0.08689246025638636	
0.022190394848941714	-0.07652299534794849	0.05282628103074128	0.11540090247242046	0.1336179500590627	
-0.01874330136335791	-0.09837392219491416	-0.020513626988817986	0.03170974784845354	0.07121764905393606	
-0.14002565499248898	0.0853840767116927	-0.079863659458587	-0.08662121212733816	0.0008098815533292934	
0.014538556030879349	-0.07025409423231888	0.022987534498404318	0.03616146229591844	0.057768462036236694	
-0.12033402597917273	0.10702997619763108	-0.11044451547385005	-0.017588567059282113	-0.05433333259035819	
-0.024113316385600818	-0.08727208795897644	0.003558830343004096	0.010038411799311517	-0.038723632145813335	
-0.05029341430680334	0.02227114368000222	0.06658545256029609	-0.10139893975230448	0.013607324505152528	
0.16308062712462523	-0.28325641515003486	0.06245859209646016	0.24227202322426653	0.16699196558593812	
0.06974922094021879	0.04228950191337172	0.007915484235603643	0.009595789890811921	-0.062165975769081984	
0.013362634497522004	0.12998412744809804	-0.038386685260515384	0.09917957089208264	-0.22446989266743936	
-0.00583772459495409	0.08154585483180983	-0.14584881248220397	-0.027890792123004188	0.003503270938246349	
0.04009706278759279	-0.033689082812860614	-0.19109070443061285	0.04831225956381475	0.049720397804060436	
-0.13025931278946115	0.16792120426435347	-0.14509196439964	-0.05741084020264405	-0.15211281671118973	
-0.04034396909441407	0.10540419005815585	-0.037541900862501774	-0.023250908312681097	-0.07525229993590438	
-0.16017981793865022	0.09401456419997097	0.03364596328288973	-0.06212088656885105	-0.182509088310269	
-0.09339166050473406	0.007322736981479232	0.0680825390179098	-0.050000210896676306	-0.08993148018110811	
-0.4067682725725854	0.271673509682984	-0.2833457921629938	-0.2696734126616178	-0.3291140509543013	
-0.08249088388895534	0.11949906376616724	-0.09215996761337542	-0.02931804505625502	0.023554597863284437	
0.09120414688134476	-0.18962525144971862	0.15529803165980663	0.17068073697122826	0.2356030211872291	
0.06981636328792142	-0.05817532644458849	0.1154153687342225	0.09981716558937652	0.02479158671664995	
-0.04621343605078255	0.08669996261796856	-0.00393111772564819	0.07424943833268903	-0.035158144590064104	
0.056202782513839	-0.0037664571363383343	-0.012300605466002746	0.07457876733114713	0.17197460396228298	
-0.14702649293663547	0.09337662658814154	-0.08526294988765366	-0.15182587532603548	-0.073803969584682	
0.06962218235216198	0.05581465318261464	0.11005627253705969	0.13554278582366291	-0.1086852837529959	
0.1286709256271848	-0.11018681210501884	0.02041048057226082	0.137734420773748	-0.042301188253176164	
0.031251899797392645	0.07618402606065615	-0.08121903853758179	-0.10998279434528625	0.014186503613615224	
0.08200256826347642	-0.15930194787641114	0.14049572687654854	0.10186632201672237	0.04701285649417291	
0.16559988338178636	-0.1587449354006683	0.13580808190348634	0.08639788109820651	0.1368689436583911	
-0.023382587636337583	0.07203778740355155	-0.020581663217893776	-0.09447580309617885	-0.050099276321121135	
-0.10432320383077023	0.10521400667946997	-0.004298777296146087	0.04935701062128809	-0.02089806892707107	
-0.21473222019216723	0.14732153417936983	-0.2718430711619765	-0.20607387916629102	-0.20357432237991477	
-0.05238692851553568	-0.09936879869418265	-0.009473745030778363	0.03572814826986713	-0.04469727448610585	
-0.12186688348608413	0.12151605918623018	-0.14369392270426218	0.03559656863070082	-0.07688870980256725	
0.11185363638830267	0.011671923625731466	0.17989184317985404	0.03615499320509114	0.18834267278270572	
-0.07272639964956339	0.09861765343647448	-0.07879062427475167	-0.00029971332529751295	-0.08214148383068909	
-0.09575701038529026	0.08710739507788232	-0.18669550637955304	-0.1431636266562621	-0.08708247982966581	
-0.11137677434477408	0.12918897778248783	-0.16810273861343195	-0.02426836458681165	-0.1533613281555959	
0.1309041732446027	-0.0910319117852664	0.09075399914616507	0.09976144679688442	0.011279124972879907	
-0.1807743462753454	0.03254081894897683	0.019771262991740677	-0.054988442688866775	0.009386160784214519	
-0.07108006510390365	-0.061487136786607624	-0.06040263043624939	0.07909926383093367	0.05949278794706628	
-0.015882924589620956	-0.027932319890701027	-0.030160111401046255	-0.07123456203251056	-0.06179848799773635	
-0.07787400490497542	0.04339849701006633	-0.12642827400847537	-0.0016225979055455343	0.00930230917785625	
-0.02911588977351942	0.07939110618090386	-0.10910838879135548	-0.08987863553118919	-0.0272023487121494	
-0.09164411409619416	0.09038101757632214	-0.18756919988674492	-0.11595870684938706	-0.13202262567623674	
-0.40365691627805744	0.2108318265486621	-0.3794799859585629	-0.22271129232363068	-0.23154680173153244	
0.09316072930811611	-0.13305716587091226	0.026141531215058356	0.11844851751996913	0.03708977589733961	
-0.10345440740668191	0.22406723522092326	-0.20898355830065876	-0.2597551177740737	-0.21078593867134252	
0.26094951456936655	-0.055939816471927604	0.2272914792635492	0.1101548572128887	0.20788298036679215	
-0.4334090252801337	0.4733490031273371	-0.5266400606980908	-0.36305338319529407	-0.36761963881352633	
-0.2818478999066681	0.26978287042430865	-0.32561027065955533	-0.4492159343700426	-0.26143912583752027	
-0.11914759610248246	-0.056500670467030244	-0.036477434813173656	-0.05804817564864967	0.018583491569340665	
-0.1867278021730429	0.03582468562593441	-0.17612655907423808	0.0012265161107312878	-0.02522860152455521	
-0.0389898660452271	-0.053573156916023414	0.040825875536703034	-0.013873726794208898	0.06460356672087818	
0.036888546960223666	0.0632894854370189	-0.05611524650132402	-0.01705685530180614	-0.03126348759871161	
-0.4362811882053856	0.2681642869801149	-0.4343124189693932	-0.3925314829086166	-0.2788604127726444	
0.16984453768628238	-0.1901034767684417	0.22007190425926176	0.2823351785820623	0.14375297928735048	
-0.02589215574441914	0.1098901061363942	-0.05270090252565413	0.07886955949235604	0.03773711440316709	
-1.331019475459855	1.7497809977979932	-1.4425639762166733	-1.1469368301974794	-1.1614216600762493	
0.8032248972113204	
