TESTRUNID EPOCH: 96 L_PCC: 0.844596753793792 L_ERR: 0.010410745548314337 T_PCC: 0.7618251287011029 T_ERR: 0.015428634489270412
180 LAYER: 1
5 LAYER: 2
1 LAYER: 3
96 :ILEARN
0.11154552754726746	0.0349996184802338	0.14617372644354204	-0.07636793473425978	0.5478579235144443	
-0.008471664869245384	-0.05691784328447665	0.1019075863201084	-0.030129710533493323	0.3673482322361726	
-0.08600034638470265	0.0484543068568165	-0.16393402460179446	0.10633327129281638	-0.2235870807330968	
0.009892175043597367	-0.03257235223163174	-0.01639080816678119	-0.08527322392512701	-0.2247448916311085	
0.021262337194847148	0.11000046954532769	-0.10844056901743518	0.06359075159063658	-0.06891426063135554	
0.043199637131230616	-0.0589756319854574	-0.1724854715113583	-0.02292433970214795	-0.1364975180231794	
-0.29704934154968665	0.009984593598777198	-0.30521300572052457	0.09593734765709785	-0.7765067318787827	
0.1475672997249375	-0.006109103876904908	0.44543147957304857	-0.18358926130356065	0.8844841074680214	
0.05456745813675685	0.07222883930013847	-0.10481690017210435	0.09257871697293221	-0.2611975058916224	
0.015959663248024485	0.0937281330600656	0.025774587821612915	-0.030988882760521776	0.16544657079199926	
-0.08831166056974152	0.03593866221790299	-0.034116804593258804	-0.06022907405787793	0.27959381286585083	
0.08405714812434721	-0.008836015954781916	0.30301572570685137	-0.038488346942205556	0.8796179664102645	
-0.22657776049191164	0.04288119120557493	-0.2817635049794289	0.08412576059457229	-0.7067665152182301	
-0.1793134857276661	0.02169588596271439	-0.3377824441314063	0.14079423228558963	-0.382832648056214	
0.3040759270322773	-0.15874824538580432	0.39292758229545655	-0.08610396790056292	0.9698930337110477	
-0.08903338346876678	0.12813064771260746	-0.036923258169374515	0.07380265376538418	-0.05033882247712224	
-0.043973783617798266	0.04749445652297184	-0.17561395321915949	0.021712066669138542	-0.45911459511726366	
-0.014973037389904492	0.04711597960838729	-0.1278758098114761	0.12673788950571963	-0.4939280826456211	
-0.13027632433760536	0.07246303947236986	-0.043748851474797165	0.013813684822805573	-0.10618883135345504	
0.07122754653377594	0.0589133973255869	0.27489969341258125	-0.14766982686222285	0.6684984461440289	
-0.13486338153898006	0.03619893550232268	-0.14833239523749298	0.040703868812277465	-0.0924469538973218	
0.03960148412907328	-0.10107213827530968	0.11672411160004673	0.030388279401684475	0.150405258986632	
0.002472676342375866	-0.13320602110339824	0.31633441477765223	-0.048495974927447845	0.4420419553134485	
0.06353090255357466	0.038968658802536006	0.1123949520545015	0.024285098753146748	-0.000593516426057261	
-0.11956733693930091	-0.08375414403112028	-0.17183287984407547	-0.02683172333720201	-0.11824205435399524	
0.16055756966718301	-0.03574232379823631	0.3912762583936667	-0.16409839774787005	0.5752763884607726	
0.01715185429165758	0.09391914966393491	0.01220604385114199	-0.0962705421254114	0.060126534536123266	
-0.07299277058255345	0.07431788448233105	-0.06492252190248883	0.0917086690288981	-0.06005803236833137	
0.011248046798083777	-0.072708954867863	-0.08801646209755767	-0.07573130885185253	-0.09108962429104767	
-0.12329918719297545	-0.04741975907368728	-0.021157504903215402	0.03271702468294122	-0.20166847132492347	
-0.056284391412072345	0.22962121019732068	-0.010926967969018014	0.10348315405667846	0.4362925554153132	
0.04876517081501858	-0.06091410377813625	0.01627178545465155	0.09400399781766247	0.06936576029800706	
0.04023809185598709	0.0026120936738246686	0.19536397844272385	0.048340452431441035	0.3484339698396113	
-0.05169912216768061	-0.10553873003655469	0.09465182375765896	-0.011055699910672222	0.21320708179098202	
0.07729537081516388	0.05559387110948307	0.2656567600936294	-0.09979360722518817	0.4817862044310062	
0.022061581328901538	0.04572903946101633	-0.071236828850862	-0.0657337117069183	-0.058229425065979355	
-0.2158936527538462	-0.03162531471380403	-0.314367031166009	0.0019156710165485588	-0.6732869795819311	
0.060950912748669095	-0.06131314347533445	0.02789217617598802	0.004934061824746733	0.08496159407987014	
-0.04080854570797577	-0.08823972391255779	0.060081895000967084	0.05146207990230875	0.10326132061170168	
-0.10309596534661279	-0.0750657190596472	-0.3163822372775019	0.09207266450383311	-0.5136812699663751	
-0.13263247904396677	0.014203443209696005	-0.2839225487482998	0.08088684317236443	-0.6196055652008826	
0.10379092181781116	0.002875594493189926	0.22419001987909631	0.043846842271133966	0.6039396301976598	
-0.04420960246126978	0.07787721279805374	-0.04690401285124667	-0.0994408100806306	-0.04560955437094754	
0.14468456389067233	-0.14031924543196259	0.3741650832773592	-0.014789797536659096	0.5807842799329983	
-0.023419523670072193	-0.042646816372993376	0.02091982734062891	0.04829464338318311	0.17574270398121794	
0.1403061710465017	0.014323129733524714	0.18445653500830256	0.06531270991399758	0.1823447581094211	
0.11530335131298637	0.012865761102830053	0.3026220825807938	-0.057342339864451114	0.5575235218681481	
0.09265950488956351	-0.1346188771379043	0.23159010556205675	-0.07644317818757254	0.5094569450614103	
-0.026053922236221903	0.06726749424787845	0.0073126480321566815	-0.08033958266527398	0.15201623568306485	
-0.09656672872598733	-0.05880840241564286	-0.23382774174792742	0.09722271654912375	-0.34554253590069495	
0.06624290798015994	0.08614699479246911	0.2775745496656675	0.062438709117959464	0.3831715553475908	
0.1947617554801472	0.009364555117550374	0.28744122912271924	-0.07100178355021164	0.5101742057929771	
-0.11122212916277965	0.12304234124296852	-0.2700999701665012	0.1394822981013722	-0.5164503519576085	
-0.17630232987028102	0.09514126109220811	-0.21407219669985028	0.05071362937574209	-0.3932562756628311	
-0.04230863360275502	-0.010052512366940864	-0.04035563893374973	0.016321940589587865	-0.10213946950234747	
-0.061097458761126745	-0.09622289637456094	-0.24198661928136317	-0.04906179017675995	-0.1745190073335408	
0.021877164818583098	0.11303712590444047	-0.0782516496394642	0.011034943366695209	-0.017217413768615793	
0.05258120207408942	0.007011327610159354	0.040730069745142226	0.02217077878472362	0.04533648298792194	
-0.026588062963042502	0.09891442953269948	0.025633894122726403	0.041485036083977404	-0.06460785432868485	
-0.15504264489798203	-0.013892912311620714	-0.23864847024723643	0.14457680260234748	-0.09903650685732902	
-0.01439458065210662	0.07515862787448849	-0.1160137658892255	0.025184590617705824	-0.2271885097592071	
0.055120504786307756	-0.04111939372725756	0.10150206242152345	-0.011004135176226944	0.22856012963256617	
0.15777275285406273	0.09733844432755166	0.1378123916165076	-0.08405808933863465	0.23622382297109473	
-0.060534266382190914	0.06867293201233042	-0.15236647642203158	0.001278376813989751	-0.0562614588645543	
-0.1036383176035597	0.06322773924428593	-0.26022273131008117	-0.013985803264864495	-0.2993941159598179	
0.040653952514784375	-0.04962373238050715	0.13163852457300387	0.026754011249969047	0.09101283152863043	
-0.09410428577937827	0.052564457551619016	-0.09328317964080578	0.015271533642288275	0.09185188609388276	
-0.18449019180843276	-0.03350981995750572	-0.050635574629055644	0.08137386888431031	-0.10869494586477776	
0.07901583781790325	0.04209846693401071	0.09232529959279566	0.005028308096075348	-0.029770616045917755	
0.07546767559104219	0.05482865402184721	0.15553984607787563	0.07713230464310007	0.2701646914798505	
0.058179640453318374	0.0686408445719772	-0.05969362223718957	-0.025013655164581032	0.09812199500818435	
0.030484105418972802	0.04353348678728613	0.08264016240625258	0.05033282090315027	0.2688966548380914	
-0.029398694914492863	-0.06498854619910989	0.09619062532089108	0.012261412279274604	0.09617634739489836	
-0.025073702089209563	0.08038941048661687	-0.05844943185536441	0.0039245913191288855	-0.07095267757714696	
-0.0654436388818342	-0.08017212687786991	-0.15207516385508543	0.07767401725291977	-0.16212394019786158	
0.009197685430819754	0.08505891151027942	0.19138559546659473	0.04300055554503974	0.1786021578776107	
-0.002629579679061119	-0.0012215245829965248	0.13529728561526513	-0.08034710327510415	0.05179854161975197	
-0.034847066600169334	0.04778761238911574	0.014106752036717959	-0.09208626166226379	0.0317300017110665	
-0.10400781305391216	0.070672148713874	-0.1022801529247684	-0.06864438300656998	-0.03967063639301473	
0.06229376142522511	-0.01848811238448438	0.016434405054208998	0.004579264114099034	0.17868949213616298	
0.06506847621612111	0.05917483943423728	-0.19060749275446795	0.05254826642790997	0.06701475220456456	
0.169473360897346	-0.07151788852770734	0.10078327601039826	-0.11904106849614067	0.20466510175111877	
-0.06563033549640741	0.04436202884462382	0.14839208609269383	0.06742493789881902	0.11285504030271822	
0.035287981636240556	0.07743718025073862	0.0831454506878279	0.05899319253444563	0.3521804731139847	
-0.10967969121462676	-0.07770477894865191	-0.16880002243119405	-0.07246891590791127	-0.23316094270141474	
-0.07175936517571889	-0.0778231187545144	0.06162240305545851	0.0022596090982277516	0.09153009178015496	
0.06430583122594113	-0.0020761502792572177	0.13367589252016915	-0.006379756224636983	0.44331673606113525	
0.023813369246790114	0.06742967768886397	0.0065738296331870885	0.03976649335091831	0.2170347464367109	
0.049863337432905976	-0.10464492682276394	0.053127112924345764	-0.11221549748592274	0.15697153315161955	
-0.1377774406332973	0.05287927736622911	-0.25027982997597903	-0.031243905580219628	-0.5772318574144126	
-0.06814859200814001	0.04056463397405437	0.11288957564281968	0.13054199971559394	0.029402412708391883	
0.13614630133769573	0.053155447005472416	0.21975213249742287	-0.09719123854059797	0.3546005562220689	
-0.07167924404406512	0.06881902365216339	-0.06638246121117448	-0.042898103100036666	0.06307558786383954	
-0.07501218866153594	0.10646795414475793	-0.10932922277831755	0.03242508553355347	-0.12874122642025057	
0.052104924101380234	-0.01628479719657533	-0.06696944758014922	0.013112437633315484	0.015615577239328618	
-0.08708132704103598	0.042436701704855743	0.08542005704980013	-0.08883939904695445	0.06852904930297461	
-0.026276544323845352	0.12880942325678202	0.06918595681876365	0.07794737273020885	0.2998171197375405	
-0.010127013541736592	-0.026707661279985515	-0.17613754315637745	0.03700853403701042	-0.052541757812502546	
-0.023020871756972996	0.07133543432249181	-0.04916544324065422	-0.06386660271731648	0.011592712679998946	
-0.023919596459950596	0.07740079837737852	-0.10890731806313966	0.10136424310374424	-0.391837595262128	
-0.08665751858743573	-0.04847331402278463	-0.028506811603608205	-0.05547469939636297	0.21660709273484105	
0.011310216138065017	0.05445500898147514	-0.014228293009266977	0.03515532247111707	0.015583943467347403	
-0.031480598214236634	-0.008431235998827547	-0.1425026339671445	-0.01341647745150811	-0.012582049499854463	
0.005115951287823941	0.023520725839330573	-0.07070421164915175	0.03790936425326227	0.18697087052079564	
0.06963417861690538	0.0268265404871023	0.12022817886493427	0.08948189286807358	0.07368454296800177	
-0.07532202054333896	-0.11204795272107448	-0.07089975483957467	-0.0500050131360889	0.18612128452350515	
0.1995671977071544	-0.08876512875379299	0.31526378131411625	0.012190251629116472	0.5815379877651765	
0.10990307685657588	0.015482528362727831	0.18184139779388653	-0.136542356786883	0.48122793058080576	
0.004220792100593086	0.05297777901716708	-0.015282281098909755	0.005556412352865553	-0.09041268869805008	
-0.14103225219555696	0.0075828898325831055	-0.07907283410768323	0.028900999743288018	-0.13612047431797875	
-0.0001369650737969739	0.005471932324405469	0.10117762903630448	-0.008369638403077596	-0.03100653319732731	
0.036952092791395885	0.003401324645218279	0.24506515862978842	0.04627395901428242	0.265433872656803	
-0.18378769174842408	0.044160741859360475	-0.1212577447385887	-0.027942990486121148	-0.43699767992081034	
-0.12360064126640666	-0.01760939385195187	-0.21189556325651301	0.05920202917473808	-0.36121049690791474	
0.002488526332132751	0.07500830846924084	0.09973557524281494	0.034507769704158794	0.15047662151733518	
-0.006831700051984029	-0.015849006033320328	-0.008186460874281317	0.07835509243017517	0.02894812079914725	
-0.0756912312351934	-0.03255768968697816	-0.14388582399977543	0.027941768087958837	-0.32867704447188895	
-0.01058947648146152	0.06290731586031506	-0.0266503024357396	-0.056155441308036916	0.017335141998486684	
-0.01067660933000523	0.05449350803156416	0.0966765275517642	-0.05688601037142226	-0.06390895630803844	
-0.055597529147937266	-0.039449332485453965	-0.014744447042303422	-0.0647505647341407	0.055173572988744556	
-0.05023278947573597	0.1072064377227946	-0.04216366827284097	0.008375232280061918	-0.058467304158652436	
0.21078942239474247	0.013918401503390361	0.2835904122838419	-0.09617696987616012	0.5889349327525882	
-0.035997350542896114	0.08576858687073705	0.024326469367681323	0.008297575831483302	-0.0606160064717115	
0.10197261511004341	-0.056766069137310915	-0.04207673183078783	0.005664343953132007	0.0518340314721373	
-0.09286028571040761	0.049317473921226956	-0.09657123054347524	0.03314365507540135	0.04629097755291572	
-0.0695247783864129	0.041850182044579395	0.01577072091172929	0.05589129592368826	-0.06300489153617328	
-0.09253553520089534	0.087074912550631	0.00982595259916514	0.056023130228917084	-0.14527242946971267	
-0.08481842250822601	0.062477707209419316	-0.045154601074804415	-0.022571912460772784	-0.016602195249004942	
-0.11714560755060696	0.10460177568607396	-0.07063455909771219	0.03621863530695176	-0.1404851097184767	
-0.07298949369389997	-0.04706530114105438	-0.09715487332304527	0.022082951703789225	0.007814081023248737	
0.05724259611337012	-0.05938973291737992	0.19114832891708217	-0.0678629162255499	0.42630333174763335	
0.14072530017262716	-0.027949292454700774	0.30497522264973087	-0.028222902310787834	0.8329767679728148	
-0.04308739088088864	0.04703340627691407	-0.1355661384806648	0.020644394711918646	-0.20066282576980157	
-0.058185557834444	0.0586021487807594	-0.29938405262305634	0.11425855896892757	-0.39883649752862893	
0.18552161951814952	-0.02063658433272192	0.18900152851803334	-0.016363580043625668	0.6276880884584117	
0.0644624670193049	-0.05228817566572774	-0.12457797783937401	0.08503620660413917	-0.10230871234280596	
-0.011623564576206322	-0.04759657450522872	-0.06656735879288392	0.007597665744303717	0.0140579379623399	
-0.008839347709861825	0.07251888779919054	-0.11869244339149784	0.028364082550082666	-0.2266847300217916	
-0.1784242666148508	0.07074015782110611	-0.09428099655059557	-0.017088198587255486	-0.35611078985775063	
-0.09299516798993006	-0.027513919039694756	0.01685409379767669	0.01983277483646593	0.049105971753480436	
-0.1574884220037153	-0.015164308319152778	-0.07793701829788074	0.016111435424288955	-0.11382365904814883	
-0.033038545380693236	0.06513399806986883	-0.034526617545748026	-0.03064052194702363	-0.07041573270567655	
-0.03644290155208535	0.002872591443199753	-0.025010493176172686	0.03866940109007346	0.16900219482514475	
0.16718295771672181	0.03289094253341007	0.3494903480845345	-0.024892402092480094	0.6116218795289005	
0.023156896131719163	0.0626779183285283	0.10782138954505684	0.022687941687464037	0.16462858633205557	
0.026336728923695624	0.077920786009398	-0.020662023588033485	0.02557179615933476	0.2719086870967809	
-0.03504452611179118	-0.010714122249736162	-0.03421302118223454	0.021391342463219172	-0.09714254828477734	
-0.05689401730899832	0.0833237678860931	-0.05356724729177511	0.07125442293952557	-0.10831606632879051	
0.1453537158533038	-0.10872840140066602	0.08011581103834728	0.05286618152938114	0.13646849987406126	
0.13827521441559842	0.05763846342207647	0.07305950014129385	-0.08335374969918208	0.4956883768514061	
-0.06172069189150455	-0.11135703828979256	-0.027148202445360464	0.043727939668532126	-0.010065069734149579	
0.09644996440170875	0.012285969564801222	0.09108317667281961	0.020423124723985907	0.22848172817961124	
-0.04604224144799365	0.09698374300785985	0.036711916723604625	-0.07850185081603926	0.059912986977103524	
-0.1719361943428514	0.04853000294671301	-0.11500873991641455	0.08870915212663133	-0.41037137488600034	
-0.066480330285563	0.08454335553057958	-0.19809127537147325	0.06412016469265369	-0.453991765990171	
-0.13775393745660436	-0.05633254923720519	-0.20445424208174096	-0.030191418721017698	-0.11899304634190064	
0.04046937121899493	0.10382007173862316	0.12447683793059963	0.07080735267622132	0.1969175174171877	
-0.029578300620295272	0.09100679904514655	0.012472446858627324	-0.020754190893470713	0.07368273707822952	
-0.08258827572351894	-0.017971915565855874	-0.09559574588105714	0.069976321692516	-0.1548017112693871	
0.08320781795205116	-0.034657705559187846	0.058473499933110025	0.007223714999103864	0.19993731532125322	
-0.05176420595719537	0.02614411461278159	-0.28464074775253934	0.23337710117262864	-0.3043398073834342	
0.2350020339801275	-0.10194092101210579	0.3503974079592774	-0.06187565893989482	0.5939475391750413	
-0.09724649748845665	-0.016655207525860777	0.0876963783713468	-0.03139437803391869	0.055948859096520004	
-0.06505273743451852	-0.031609432739509516	-0.07108045583238065	0.043354162829275206	0.03986152473936283	
0.10427378363368625	-0.09165962988109877	0.19961649632309542	-0.1200306588654157	0.3502503740644435	
-0.025615575666462553	-0.02893841767597556	-0.08846903855174873	0.02632932537318794	0.04146332053633989	
0.022717738900567122	0.0296625512326249	-0.06601185715654845	-0.07011064021222752	0.00283500870517657	
0.07506654527090781	-0.0632093116905556	-0.007432176258348022	-0.014213533194019412	-0.0005421628160967307	
-0.06769784590279762	-0.031511871773037894	-0.04762391917929596	0.0689053886458958	0.06006644915528034	
-0.22003965039216125	0.11390045689214584	-0.38782439220945586	0.16915080377205488	-0.7590080760807946	
-0.10249717561840364	0.13392610833494692	-0.25359716149051376	0.0735887905488838	-0.7570468710302182	
0.4167396279214432	-0.013831990619818725	0.7008700980369167	-0.25547854082025095	1.2977134084957993	
0.00605235909492266	0.046439117988865665	-0.04342685060884826	0.08639282442054025	-0.02277363550387027	
0.11885335798945168	-0.016845397035234702	0.2340260707795101	-0.1422638980975111	0.4203818682770756	
-0.0894010914664021	-0.06010089077228773	-0.015449467671087819	-0.07849822476296647	0.02473408219954036	
-0.0794398719486713	-0.035219962579281415	-0.08099290228549966	0.04530552965876876	0.07339570329495272	
-1.0862954666636913e-06	0.04920635501933779	0.03591465207624522	0.10614739646559546	0.10553613302661276	
0.06220225608458474	-0.0384593676042132	0.028193062428151436	-0.0369941252319759	0.310311919720688	
0.14529225216841937	-0.08558928829312412	0.4125160111537969	-0.1357897122415036	0.9461215259747411	
-0.5271432198667381	0.0300580561133902	-0.8673983025180362	0.14241419274689635	-1.0250653160532874	
-0.16265686243021843	0.158633128673368	-0.03465452183052465	0.2330734757886956	1.041546084646648	
-0.8290197900798498	0.7658314845300722	-1.9979598737968831	1.0761898664362675	-4.494839870994033	
1.869149899013313	
