            A        R        N        D        C        Q        E        G        H        I        L        K        M        F        P        S        T        W        Y        V
 1 A  -0.0416  -0.0533   0.0041   0.0031  -0.0556  -0.0368   0.0622  -0.0285   0.0614  -0.0242  -0.0648  -0.0978   0.0824   0.1523  -0.0344  -0.0307  -0.0163    0.052   0.0156  -0.0396
 2 A   0.0956  -0.0062   0.1331  -0.0016    0.029   0.0336  -0.0267   0.0148  -0.0531   0.0585   0.0446  -0.0289   0.0963   0.0044   0.0567   0.0252   0.1194  -0.1217  -0.0094   0.1118
 3 A    0.002  -0.0534   0.0108    -0.02  -0.0745  -0.0112  -0.0245  -0.0458  -0.0178   0.0549   0.0427   0.0024   0.0954   0.0284  -0.0067  -0.0071   0.0545   0.1018   0.0557  -0.0316
 4 A   0.0628   0.0021   0.0151   0.0694   0.0359   0.0131   0.0136   0.0072  -0.0143   0.0208  -0.0273  -0.0079   0.0267   0.0471   0.0107   0.0384  -0.0032   0.0562    0.041   0.0227
 5 A    0.034   0.0072  -0.0026   0.0009   0.0318   0.0602   0.0072   0.0239   0.0536    0.046   0.0271  -0.0251   0.0571   0.0255   0.1058   0.0448  -0.0228   0.0684   0.0209   0.0584
 6 A   0.0356  -0.0003   0.0525  -0.0059   0.0254   0.0353  -0.0414   0.0403  -0.0071   0.0647   0.0346  -0.0122   0.1574   0.1216   0.0336   0.0237   0.0323   0.0106   0.0345   0.0325
 7 A   0.0009  -0.0169   0.0111   0.0125   0.0139  -0.0104   0.0031  -0.0205   0.0894   0.0002  -0.0027  -0.0043   0.0235   0.0663   0.0449   0.0178   0.0141  -0.0062   0.0259   0.0353
 8 A  -0.0113  -0.0209   0.0361  -0.0417   -0.027  -0.0063   0.0094   0.0089   0.0634   0.0085   0.0213  -0.0005  -0.0182   0.0563   0.0156  -0.0145  -0.0543  -0.0081   0.0154  -0.0158
 9 A   0.0542   0.0069  -0.0522  -0.0759  -0.0486  -0.0528  -0.0626  -0.1177  -0.0454   0.1046   0.0768  -0.0259   0.1832  -0.0004  -0.0291   0.0306   0.1777   -0.039  -0.0069   0.1353
