TESTRUNID EPOCH: 99 L_PCC: 0.8597537956096293 L_ERR: 0.008323137001184283 T_PCC: 0.8242774374730413 T_ERR: 0.010469681632707352
180 LAYER: 1
5 LAYER: 2
1 LAYER: 3
99 :ILEARN
-0.02712156616621791	0.021317192333495147	-0.06197619322206532	-0.055029035642430356	0.024902725888154724	
-0.23514097814263152	0.06591748911047132	-0.33049800323213885	-0.33456566196961723	-0.3530587957552119	
0.0679607271730858	-0.03661817669552447	0.16515301626268247	0.2575147562889222	0.19374595747292755	
0.29214593452510484	-0.3094984082240122	0.6726464844195275	0.45284631953484494	0.7606201817718644	
0.04198657781247685	0.1702934093822226	-0.09163448693413509	-0.015220038138081943	0.007868656538043849	
0.09205131031133183	-0.11868930533202512	-0.04288575902958697	-0.03911883884348563	0.12533885908594464	
0.029680198334048592	-0.07844726661767562	0.34518376347023044	0.21478345595076165	0.37082356368565156	
-0.058613710959913454	0.09089804751529999	0.0751019425508797	-0.04989615715858126	0.07104472090323403	
-0.02051196691901946	0.16918821936163425	-0.3212953347742183	-0.18687370249030819	-0.38788054965179103	
-0.10485112713371204	0.21090742259898906	-0.13031099350050615	-0.08025439339413938	-0.16171868527647926	
-0.13032070436383408	0.12352947856120194	0.036085639659546254	0.086676053650557	0.0775711530549745	
-0.21414104593226807	0.05515825191141326	-0.34482399359337734	-0.23067683864040556	-0.22978268483457087	
-0.21562709832253996	0.04294940975653467	-0.24028541059183156	-0.3098552994904295	-0.37881629535553324	
0.04017733846320535	0.09016030318212084	0.06509033180913856	0.17443852249141	0.16058871101880084	
0.24617802909847644	-0.3088374119719438	0.35260058021385837	0.43752659474718836	0.49738533710581384	
-0.10736439184962492	0.16900943186180803	-0.03164782342217386	-0.02334063364740721	-0.03321536878582302	
0.06373495035681499	0.03632370251963043	0.017701786229531478	-0.1534835461025374	-0.1043351132817481	
0.12784995323550188	-0.05581244654501288	0.20664217252402398	0.1323104552892785	0.17136261349558238	
-0.01595927326625418	0.031869999102214636	0.13879456783982172	0.16342098278987005	0.1558873509662453	
-0.09144711623179232	0.1524100184457119	-0.09108755832144723	-0.1371460475537802	-0.06743254561742558	
-0.07018547979422594	0.18626913972314602	-0.014810343922818605	-0.10857732367379212	-0.07388270020518094	
0.2692298446887607	-0.3826421649322429	0.6983483483818623	0.5686143350706	0.9238288318667579	
0.004653224679319833	-0.1782039161634761	0.2691506360941497	0.2032023235137196	0.13245839077303773	
0.10858212595531296	-0.04003058864184418	0.22873733703147323	0.18123407190216356	0.10419853520803625	
0.06571959170964367	-0.32155201000449535	0.3039252216109776	0.31867579156151343	0.5991977657395345	
-0.024251696885658064	0.1007372199495743	-0.043389304966131886	-0.18520255038875705	-0.20680973269600625	
0.09751811994636388	0.03319924852114317	0.20815450430823207	0.07559396871299716	0.320706261096903	
0.03452810671146946	-0.04124763456892636	0.19894308455936371	0.27036218883028434	0.3145450227936943	
0.14741713413274085	-0.2791301012203364	0.24011388272248174	0.22339135464154747	0.3563136320594128	
-0.28062334039943554	0.19458488874903004	-0.2749322482980231	-0.3397216182788202	-0.44746884937887976	
-0.3565106956853759	0.3761562804040963	-0.42087558529992003	-0.5092388293492467	-0.5911088553964667	
0.19471637503371086	-0.33982894619208337	0.40604925363345235	0.4573843282999159	0.60126533972062	
-0.2594822139832698	0.29128001172383383	-0.5291633411194085	-0.4249724256978755	-0.7544033092755337	
-0.11228068227676315	-0.016747084253490793	0.046530939049553764	0.0830015772985726	0.13051669355340592	
0.045549273103038454	0.12579210729501297	0.21999363239004702	0.14076216062539743	0.2890376186825754	
-0.020175353335303785	0.22028804831424265	-0.16455763489688927	-0.26036296066349324	-0.28864718585230215	
-0.11538534732583337	0.026322817900836234	-0.31945006358781536	-0.3230411858748373	-0.4439840341552404	
0.08990580901292197	-0.11049299867790026	0.10462049318493723	0.07659942023377134	0.18309300901162975	
0.0691164849464745	-0.23806994433186884	0.3410823505895594	0.29907976450521595	0.5204158492944548	
-0.18137986381799215	0.09383572527900565	-0.4892620387572121	-0.4723851936323441	-0.48463280340907217	
0.029461444623811818	0.16974162266646875	-0.05552549597542805	-0.0921635471047953	-0.16038272841688536	
-0.007923288200757175	0.027964730182933842	-0.014675860119313537	0.07103098619015409	0.09951559780706848	
-0.05750268059560356	0.11453393371142867	-0.09218764098132712	-0.13632977247295022	-0.14486023406369833	
0.09374046022248447	-0.11552111031472423	0.287011566292038	0.2376806664765425	0.18119321969558347	
0.01734205506633613	-0.17957515793370396	0.09493339198489607	0.2477777094385649	0.2185345500610246	
0.1410912662861574	-0.02770545742068502	0.22374839929497373	0.20712866707003744	0.2517278859509894	
0.1712603475142145	-0.20424951576011574	0.5311014123704644	0.34371095733031454	0.5928126966947822	
0.03389440721801516	-0.08560781556358475	0.11052162506404445	0.037908877324060494	0.14562136931786157	
-0.027050805539227195	0.062222546630938874	0.04273040995398076	-0.061132529900829	0.11132311147086793	
0.03565522700501587	-0.0727942261819352	0.03375332341299143	0.06917273327549982	0.14393255866772642	
-0.1245817964578935	0.2654907042577488	-0.04859064661447985	0.08911662532781811	-0.023841154021466672	
0.12715403039204304	0.02525010820400973	0.16331455384985724	-0.0032309285674815523	0.12421828171014561	
-0.034892442541250276	0.13686067330398116	-0.15078220398703987	-0.11901303775856976	-0.16609036994135834	
-0.24565849460318884	0.12237951789091234	-0.2372835433206977	-0.3130751363172504	-0.33587481348646203	
0.11095367599350756	-0.16723663012147866	0.3373040984988416	0.2548200018013655	0.5228334379971868	
0.005842195697564515	-0.07417168230174084	-0.08588715287171682	-0.0854918673767053	0.01857279877061165	
0.10645823848015512	0.008979653388380587	0.15307760407003593	0.04434056376414395	0.15439515594609698	
0.006453395823377292	0.08884161320263782	-0.06968000914354493	-0.09480282518521838	-0.10023039629337648	
-0.23293611229874542	0.24522185955752926	-0.3844495014517866	-0.3292317497339255	-0.46413713826487596	
-0.03070498745878504	-0.09495702682681549	0.09766261804767645	0.2535473589067861	0.18201913742098555	
0.04207961588571557	0.020331119551189013	0.012586039122401301	-0.06773968897060081	-0.044799638716397173	
-0.01818762299306147	-0.07070582801988094	-0.0126681093171873	0.027603992544506326	-0.034986130700568295	
0.09219157520077448	0.03929594844850344	0.05674467298928722	-0.032390271351217616	-0.006904977683020033	
0.06708790740532687	-0.022711276960184937	0.13922463822607964	0.06021718183068449	0.3437525394700426	
-0.04791706612632091	0.07129720893021682	-0.09953235747164942	-0.1081607430923533	-0.07253832235573592	
-0.008769637229172894	-0.03292558394633873	0.05238025739147578	0.011736861477831312	0.12116320188914273	
-0.02587383038021285	0.05377654238042908	0.11004207923446073	0.12104318881289969	0.20876238086997034	
-0.059294259234526525	0.05773582559416549	0.11294790463441949	0.1230211433866924	0.12608879233245648	
0.022171492256324254	0.13591153671526096	-0.06870600715562997	-0.054431953980329725	-0.21282963091167303	
0.06914904432197234	0.06319817719615155	0.23410911212854663	0.26637964845119244	0.12282233449233998	
0.055907481342555986	0.05902634439596373	-0.02554529676349522	-0.004810675788678543	0.09350466067345777	
-0.0911730370103689	0.1302108661695129	-0.03075067247469331	0.0028901333648592726	-0.01119589958493197	
-0.049172671780761956	-0.11786994648820294	0.06512515964793016	-0.0013752767239556744	0.15632236794768367	
0.021090605442344947	0.1415228387571914	0.04034226649708454	0.04615912900976925	-0.0001704113242299557	
-0.01639070415860185	-0.08744916529782086	0.015596791315309793	0.06828570243435975	0.039783001599258606	
-0.08740723010388726	0.0734720403528419	-0.11281543809008317	-0.06007656789857393	-0.12898860613289587	
-0.032127012304218855	-0.02914351347982268	0.13857260147178696	-0.03580629779427588	-0.002637926006948631	
-0.061101098296020326	0.09835611560697459	-0.025585674656761585	-0.10459673166187676	-0.06411246731996878	
-0.06372120369885251	0.11067776379752828	-0.05312718924526478	-0.05552599795448209	0.0494911838763407	
0.12237353902128457	-0.11299920128198852	0.16844182628747037	0.09262858961326938	0.17402238215904764	
0.1737083949665153	-0.0457442097094663	0.10210051251853808	0.20057421901762323	0.25352014316310056	
-0.012056239545274393	0.015757222442088426	-0.17986999323417582	-0.24442642039286078	-0.16833667810536404	
-0.06646695447305999	0.01686434614009243	0.1258108860797786	0.07378153871336282	0.18531081426557586	
0.022932554297293056	-0.07585487958124562	0.16249277318803804	0.19840413728799608	0.2947655476604661	
-0.0407356975787717	-0.12995978715677578	-0.0054868933518898814	0.0072427257355459325	0.07693831310961832	
-0.07123697553349433	-0.10808460634551356	0.059381277761877176	0.0020807626033435005	0.05628688537107276	
0.07435228908673977	-0.07718526494101831	0.19020515513553332	0.16169201987038206	0.28153294591739697	
-0.0002968553701861023	0.03151848173700415	-0.02359033417617562	0.08365111646638465	0.08796939187384217	
-0.03943246389913247	0.005209295594010003	-0.10900793894936932	-0.21448443142837822	-0.07928790143949223	
0.05192878215821147	0.1482493015169273	0.09674463883021053	-0.10231860626445491	-0.002799442241069528	
-0.13195055259253138	0.07015308473486721	-0.0018113819965705907	0.021985807677022344	-0.037194148259214535	
0.056642916255984915	0.1754475882719925	0.04757941595227962	0.05529119383631039	-0.01532293542633769	
-0.09815254924230417	0.11288667517088077	-0.05808887722987935	-0.03521643829131539	0.022661720865824207	
-0.02444692933601584	0.07527972879471496	0.07039416113058788	0.11894183291040865	0.18720546983557404	
0.04441898444118505	0.05207079700301045	-0.08178300100645727	-0.08887707987936971	-0.013762308486672571	
-0.13408659156573233	0.031726643651753206	0.03354894420737024	-0.09914488269908243	0.01622500119086476	
0.02407971506287602	0.04771835374019433	0.16716903993490026	0.09910012239378299	0.10200583313122799	
0.02573028849793725	-0.028264747018966464	-0.10513447133252757	0.01177864113082077	-0.06883951024910064	
-0.02197753319052092	0.11413535625337405	-0.005663842577497358	-0.057847187779558454	-0.022466344325057435	
0.07428889800957013	0.10174905002140998	0.010528673210318577	0.033433755292963344	-0.02294750396293814	
-0.15235017652409386	0.01579878414342086	-0.07195068786871175	-0.05414991687989492	-0.048554950964221084	
-0.010240444690764882	0.1477335456741534	-0.00676365152581225	0.11967997273235285	0.014666227060976885	
0.04060844599424489	-0.060144831564822816	0.03908680145270405	0.0464695217376924	0.16417999863089297	
0.1588558527899147	-0.11819924740616254	0.33507289273620405	0.3264756997995389	0.5631464431428439	
0.07239859272235073	-0.010216275313498615	0.11319189622866972	0.12255147281814077	0.08291607488270779	
-0.11483896802650463	-0.023048581786449043	-0.10630428984822253	-0.039151959270415634	-0.07985935312675536	
0.1896693495342735	-0.15407608192996236	0.3043894716318301	0.2385801431204612	0.40449996966958696	
0.04364984531055541	-0.010528677279115555	0.042779108542873805	-0.07880935807204958	0.06686403201438768	
0.02311004291696644	-0.046407458684720994	0.09402009912339108	0.06790007129373242	0.11312469247870807	
-0.1324600761962648	0.08474333391632793	-0.04151155713209299	0.011152467879267656	-0.04732299248649188	
-0.0958925662640175	0.020286634208315356	0.02952370899491075	-0.031849418080803875	-0.06727704605800476	
0.06513138547558787	-0.038164177357393886	0.20587336605676115	0.1867045674163571	0.1524283254147707	
-0.15058645725159783	0.04061903885148619	-0.08982065841354318	-0.24563788857601074	-0.11021047080330515	
0.004787326569556733	0.0663423059448328	0.014218382745389314	-0.12601046868881588	-0.22697384282490093	
-0.004206362815866846	0.12405691682852925	0.09128492446276444	0.04045388865234907	0.026785148663747507	
-0.07995540650283672	-0.045038885394631495	-0.09848827096077208	-0.020048750832604482	-0.10744509006743827	
-0.034729020485077595	0.0800215900362528	-0.13686580051114822	-0.20945200554405222	-0.16341851302624893	
-0.050767366274954415	0.10994524144788444	-0.09659483675870328	-0.11591651176666397	-0.038859339628466216	
-0.016099358497306288	0.022057378185783766	0.14928889224149441	-0.0009620015363148997	0.04887542553073279	
-0.037004731117094666	-0.12251567025778529	0.04927104696654327	-0.005652715309954766	0.07939750363948152	
-0.0013838233365034511	0.17792419897216138	-0.0440943454909145	-0.008279166910311574	-0.049569374901247173	
0.1237301118811452	0.04639509715527563	0.08913471591687319	-0.011369776516787578	0.19971057901219094	
0.07113509715035127	0.061673366468410686	0.30200887193024417	0.2204011813195656	0.23386800866152488	
0.26615663192632816	-0.21795070710616044	0.32380127157701116	0.3144196291384869	0.4644225295427999	
0.002128863929814346	-0.07623270436078973	0.11127830572226684	0.20608702079323782	0.2854236219451325	
-0.050299432860848335	0.08670835367102872	0.08805239026503033	0.0847001730971906	0.053881141870065125	
0.11210791550172153	-0.07436586294840836	0.46000714381158964	0.3287542346231627	0.4974664380462955	
-0.08628519586592116	0.11129043331235065	-0.03148946223784344	0.018104054306142276	-0.012037456979728441	
-0.069671442243825	0.10332661527181865	0.011332621492823153	0.025628534982199365	0.03158199161151012	
-0.16052299967702785	-0.12269609632931937	-0.2286310968176677	-0.17977563903246346	-0.20717942526408495	
-0.1699430222241062	-0.12411905082327204	-0.24255913456952632	-0.46444009602493763	-0.18487225402858176	
0.04524915668574759	-0.10884788275231849	0.20338750643761697	0.3501396635413446	0.34963559288216806	
-0.15523906538422488	0.1477676793996608	-0.34417712045402216	-0.24924819092009828	-0.3041146130397697	
-0.037907439763129394	0.074034272052388	-0.19387712063804893	-0.07360479255630323	-0.23191710550856387	
0.04659622794504895	0.1468147785221273	-0.10196113015450281	-0.018583044696202106	-0.04625920295234385	
0.00835639647886932	0.06103878398040857	-0.2001056150486767	0.0037574227728292956	-0.06553632833616871	
0.026699415655239846	-0.012806681513791137	0.009389989491693881	-0.043661727240630804	-0.07437798914519046	
0.028463496364521168	0.09261006570518746	-0.016845791408849484	-0.053792070360917064	0.01613413638427077	
-0.06914324210462337	0.0260490542841868	0.20744141149842846	0.07638726907971066	0.06779383962655622	
-0.0974810796934002	0.08345004813819633	0.008104438254126087	-0.02608551394319196	-0.11932231791189271	
-0.05106204403577688	-0.009061225783739994	0.14055500029939474	0.015597506063178047	0.06640794904178206	
0.00776818964332922	0.07694617947916839	0.015964338486116898	-0.005834517701176427	0.06393044731213676	
-0.06435497345445072	0.023428770196113426	-0.02392281119062115	0.06601813324055154	0.05514849122007315	
0.09152497619090584	-0.03647182719204648	0.25470895101891666	0.27375586006823416	0.25592701913679794	
0.030571834170307805	0.025961411857591796	0.1324888009144119	0.14470306412799033	0.16446187944988375	
-0.03478669183242355	0.053788216805759424	-0.1337936518124112	-0.037170371646992884	0.050144952728861984	
0.05568186423452696	-0.11583635474145898	0.2370514733492981	0.06884267392583203	0.31242001903231414	
0.05432474855097264	0.09258620805961038	0.1489723600674568	0.1553154309906263	0.05940735534296537	
0.12145718935072565	-0.13579798344299712	0.026020487801669056	0.12554735667788008	-0.028693556705340417	
0.09941325665966952	0.08687406749743541	0.15473502060136687	0.10700594345016813	0.2797659901616482	
-0.1283555811704067	-0.04881775552672579	-0.17359513186341158	-0.2235374602026068	-0.23837900454319705	
0.045751008007573916	0.0004842186350464882	-0.02179133619884406	0.009340508730558146	-0.0033995512438353523	
-0.006075537470629283	0.011662469351378437	0.1431065234562251	0.06943988021340596	0.15407809728761976	
-0.22545216612387833	0.15726628096291909	-0.24583643096443292	-0.15211200647014494	-0.2889017274350692	
0.05527811225235297	0.0010348473358372569	0.07986284940824687	0.02772498015839169	0.0805561747720096	
-0.08614110190891551	-0.021477151790743346	-0.034149222367430024	-0.06700125734702754	-0.022656544293487152	
0.00897225198527936	0.1283898370226453	0.08687736998161258	0.22722403831551666	0.22210300307612474	
-0.06737442916622195	0.17257503573969876	-0.05608464385790709	-0.1315522341770016	-0.06554955619971747	
-0.07521245594471497	0.018302631109246948	-0.1343863871620618	-0.05809642324279528	-0.15260858791048423	
0.05478794126215308	0.003023825436100344	0.058236492535963615	-0.02360980623395287	0.13494386760552685	
0.11143761953847034	-0.04699300238279964	0.07586317560309944	0.1230811828599997	0.06921094838218571	
-0.12175927812828681	0.2807272315114438	-0.41737411436243993	-0.36553562653883415	-0.6484184851974095	
-0.08725028259120081	-0.03245207197003203	0.11537424890437632	-0.006012622707051402	0.08913264327693277	
-0.04776758093749846	-0.04890272409283637	-0.029931095565870883	0.08094981229217277	0.09333512065668045	
0.13406544116864608	-0.2065420607444403	0.2922186948325217	0.18058546806231937	0.3074861051227838	
0.042054872647769664	-0.12889573794152334	0.09887900677065622	0.19322770725238017	0.28538556685816996	
0.0306624294998037	0.04142804234551304	-0.04945649368633505	-0.057105222614514464	0.02745004382426308	
0.14770257476277057	-0.17456546215266378	0.1917451411442256	0.16567002058414865	0.24841709389881697	
-0.17534747895506808	0.17815729381363596	-0.3394210425379585	-0.1962874618849625	-0.34434645024338745	
0.13218623530444595	-0.09116374491443421	0.2718623890884544	0.3073764276187445	0.3840276641582918	
0.20090803520642211	0.09322841133953501	0.3173901856494622	0.15114435257315828	0.37815000364274753	
-0.5541915357935155	0.059620108930809074	-1.0675161694141437	-1.157378790846616	-1.0725529145905224	
0.09777016177550775	-0.10224008902681113	0.2032192250706249	0.2158894599666668	0.35028308780795775	
0.13827619401128574	0.09168082184687132	0.28618855236831714	0.06989439461143933	0.38364147786764524	
-0.06969300029982495	-0.07848167641642803	0.03360171614913187	-0.034846658056246246	0.0867623305875615	
-0.014896978580110961	-0.15331028759926704	0.11327337475559916	0.2256260352249721	0.29107534266925333	
0.11145002856658735	-0.25544278326470593	0.40944019697608564	0.2965101092240585	0.5113669968675764	
0.10523729704118796	-0.06865224631379581	0.16497316500721546	0.2592682855334904	0.3079628708103469	
-0.30618478360182383	0.4077219797193057	-0.48547826303282615	-0.44025605390138856	-0.572038477111264	
0.0669331350834837	0.06900240041075352	0.25796076424730563	0.28291046721702323	0.3062380612491291	
-0.0813647537180147	0.17879246077950567	0.5728752305229365	0.479468617025611	1.0703232675905188	
-0.9274636799635371	2.032164953327631	-2.406031611902583	-2.24038012063791	-3.142273929441786	
1.879941541108879	
