TESTRUNID EPOCH: 75 L_PCC: 0.8147801439834024 L_ERR: 0.009127933438624565 T_PCC: 0.7157938029872016 T_ERR: 0.013429434481501109
180 LAYER: 1
5 LAYER: 2
1 LAYER: 3
75 :ILEARN
0.05726213630348091	0.1861341412916988	0.2249329173232184	0.08897761047079791	0.55510275620291	
-0.02317139868008555	0.0417790361680943	0.18575231736302603	0.07296644162457404	0.41616671557636253	
-0.038126482792413645	0.011547237889914224	-0.10886069854927455	0.04399960121407697	-0.20052814970284635	
-0.12600927767225462	-0.2975124848257933	-0.5132032485779717	-0.3273571093050378	-0.939401346147943	
0.061626616185214325	0.0892458979892925	-0.04559309202387305	0.035402377116973145	0.053056814222481395	
0.09630373444183797	-0.0515667494577014	-0.024614052944277782	-0.03634309719508179	0.21333415613265824	
-0.1633841486519241	-0.19098208561454746	-0.245615810193863	-0.14956988773061516	-0.5876526719010813	
0.005825731926036578	0.11538060934232605	0.23838369051132066	-0.02295058658698614	0.35331835017709134	
0.06212978275173495	-0.02662009122285698	-0.1833589147398186	-0.008050854647891459	-0.32734716923374796	
-0.05745928937183843	0.007105421881317723	-0.09810215624025964	-0.10576160813908889	-0.05259474732138728	
-0.0852758779539925	0.07021607530377477	0.024789623155528403	-0.01977962571164271	0.0660192993531579	
0.0184789206808652	0.2090128756907202	0.3240923430545764	0.19601148552701347	0.8251933967944486	
-0.13403068058123985	-0.1115478435101544	-0.1361776490691965	-0.10532602832727671	-0.38226451311688864	
-0.030241507167067472	-0.044799902819489916	-0.11668924628434214	0.018495654094907235	-0.1581459235916921	
0.12690354021618686	0.025872075055316274	0.14077816652674266	0.14456653024109506	0.4034845323568127	
-0.044848711770573396	0.10998563303287044	0.07475027223447649	0.07020249453250356	0.22671974637193656	
0.03357438764022612	-0.03681321856269715	-0.0336067256280521	-0.09087780283509928	-0.16428464324373	
0.09449578787287634	0.01439936575321607	0.15318712065289034	0.058796760413619115	0.13483805269962912	
-0.11834206468606333	-0.018395140316682206	-0.1973128606355967	-0.06880267748439026	-0.34754211835737675	
-0.017873873422583973	0.1459394276252058	0.15041210839670255	-0.03994567074572908	0.278421958272856	
-0.074637602130993	-0.06584417320759664	-0.009438476746720107	-0.09513257281177999	-0.10158763981412963	
0.03822225711776484	-0.06741394536890609	0.14849624132157943	0.0641500508479276	0.21904178731573146	
-0.04356267864573118	-0.0002449025473817645	0.23857713696429905	0.09473376550901498	0.17349921163552653	
0.05109261052049327	0.050775237692249287	0.08460490710929666	0.042304951725694345	-0.07514580760556706	
-0.05728981833363089	-0.018043281523478415	0.05643404719119018	0.016916467009006432	0.4037529372190316	
0.053427501359426484	0.116482742919593	0.28951589621217044	0.01416591715349743	0.393796118738142	
0.01715185429165758	0.09391914966393491	0.01220604385114199	-0.0962705421254114	0.060126534536123266	
-0.008667267359729258	0.17467061732528213	0.18583101334232666	0.17280406131114975	0.41994169086069694	
0.02303751266445238	-0.04076074277559924	-0.021749753618050927	-0.04832371989117773	0.05077840197399414	
-0.07629883404223849	-0.07052995647815052	0.03800965565289988	0.002134219784979928	-0.06273179786496573	
-0.062071359228212344	0.10035602477852305	0.09882877680567839	-0.0374247392676079	0.12381420676717375	
0.04876517081501858	-0.06091410377813625	0.01627178545465155	0.09400399781766247	0.06936576029800706	
-0.10301970520291301	-0.11443996558348096	-0.155555029022176	-0.03794883836538456	-0.33747533566064414	
-0.17811407080235342	-0.22770984574749104	-0.2181149459683703	-0.11695696467720301	-0.3683094283004019	
-0.007879103964514366	0.1417597266017301	0.10538081879474083	0.01916752609584396	0.15367571029289262	
0.06961476477480129	0.0560220832694841	0.05810302509458935	-0.05789201477159232	0.2514832395694835	
-0.057075094397399974	-0.18544978876172294	-0.13960002189374046	-0.20374565074801793	-0.21229058776999543	
0.04777046183888283	-0.08615285896320066	-0.020388194637313818	-0.017292789035990058	-0.004240791638442142	
-0.10777725036107735	-0.2162073891051123	-0.21393088014306663	-0.06218489079155413	-0.39460813671947176	
0.07114335274837545	-0.15340360910001452	-0.11888354708306385	-0.02221197827744324	-0.11325189128681021	
0.12214593436637358	0.06649451532440945	0.19259987545943566	0.07464003093431862	0.1724027612482437	
-0.07451447099265181	-0.1164204021548924	-0.21583672041974697	-0.041441690784311945	-0.2980767665040438	
-0.03435056345171241	0.07641774097483198	-0.07156819805524256	-0.0973523041307577	-0.0750556520442587	
0.055294755081901174	0.008036081204902417	0.3008933922632895	0.1561400397386556	0.29710656485610676	
-0.08076558868158067	-0.07019934438042824	-0.1311658441112047	0.03258649451537075	-0.15558367863224554	
0.12344382849381703	0.09944861479905834	0.21722285588207482	0.1380822063343841	0.2604089271105989	
0.0349828279233229	0.09736770725103845	0.24896278139546962	0.03651885614249652	0.3687367355039839	
0.04658050309903	-0.04905307129724191	0.1289391696798014	0.03227845401666389	0.2541687587101006	
0.00016008745721384586	0.14176529042709698	0.14429208246243352	-0.004470899722953205	0.2851888913504069	
-0.02479830073373024	-0.15838920606714796	-0.09531930555622807	-0.03713762777355012	-0.011783732912090651	
-0.16348910519431262	-0.007826552834172723	-0.11866511795091947	0.0035362766888053405	-0.04689000415646382	
0.0113719652525423	-0.09184265680184847	-0.1510732583631116	-0.13159455875631274	-0.2417661196991811	
0.07413567893145971	0.11091266652224004	0.1271549511851161	0.07434870041372928	0.21444943373850509	
-0.11051441384333914	-0.10547162448492016	-0.24895907412156829	-0.14294491810113014	-0.3351137983315087	
0.0469610514562403	0.0788499244588749	0.26461916632025023	0.09267727270022699	0.5210596126284498	
0.0390302395757644	-0.05865272898033008	0.012477921047628605	-0.02697780351721671	0.08842836058850899	
0.051387750009678226	0.03629632006775918	-0.022175299438301568	-0.08421668305400822	-0.05893468342835231	
0.03521788043249539	-0.08028900608060935	-0.11669903744880684	-0.058345318729267334	-0.3022443227361235	
-0.0273792606148113	-0.021997023248074007	-0.13145954695660367	-0.07287496370213908	-0.303571196024642	
-0.06967337669428039	0.016572016308905892	0.027245531074894618	0.12890924812965454	0.1833475788718127	
0.04556843660859318	0.03461529195599805	-0.027927892410782803	-0.01018584786042379	-0.12539670954507612	
-0.007707421585041483	-0.03429654547858891	-0.04357860080633713	0.011775836139870568	0.012578693291647385	
0.08016042642412667	0.09342159840680195	0.0440387323069668	-0.06266481364551951	0.1243254452307308	
-0.00580283158582161	0.04454214137018771	0.020592728224931384	-0.05567066599123781	0.23854481759549465	
0.006012341981300599	0.0666285287228602	0.028980185990866124	-0.03991601829879426	0.17312363347963952	
0.036048785252549814	0.004833246231276662	0.18913733932923427	0.07512411698001017	0.33704642602546037	
-0.04281145875557947	0.0776417707060354	0.014196726182381028	0.033576511561524934	0.153928918670036	
-0.10658396094771912	-0.06233227341914204	0.0188791716748205	0.04564256697232845	-0.03338346539147861	
0.07108529348798215	0.08332604524117282	0.06131771559985257	0.06644161106829571	-0.10942203910404552	
0.038840751314887616	0.06252858029135987	0.0797235885471415	0.07514699152009947	0.06901709691443776	
0.01089085714467849	-0.034957821185930354	-0.16416699748664967	-0.11979615990947237	-0.1924493789749265	
-0.026004813494641885	0.06529606239641433	0.037193872942133416	0.06561030664462267	0.2127115007109531	
-0.10284612256669962	-0.1748671815738866	-0.1103988975018327	-0.0931847054356516	-0.22100913936451594	
-0.01987465772587372	0.03596102405512325	-0.08139154382110288	-0.06703336759576514	-0.21168961175082096	
-0.05772805377821044	-0.14214530721683794	-0.13577828392265917	0.0019304780335760413	-0.16571164806073338	
0.005463075174314227	0.12375631743688706	0.13692281040109683	0.0844738340889871	0.07236022050509827	
0.05652240752934894	0.12856217293240665	0.3326696578626588	0.045301840926276746	0.3466000872259907	
-0.07299139334789019	-0.0023285851323859006	-0.11340827405817591	-0.13365343831144658	-0.21176359223227545	
-0.09888075649709918	-0.021830335945867578	-0.1841903945910474	-0.16571605857624336	-0.2215945505355027	
0.05872626817327127	-0.04099599693492683	0.039960335282189674	-0.011554593746223618	0.07372683299825664	
0.14448527128190955	0.15370656232466745	0.09558580343322323	0.12479263395681486	0.35789042865305537	
-0.007921318416351047	-0.23489107414547564	-0.3441177539604979	-0.24968134425020083	-0.5336435171245087	
0.0001298534905208939	0.15180439301667636	0.3273365146937403	0.15625865422716592	0.5712408699331347	
0.02371114877521289	0.16867135808865708	0.19070165978967674	0.15405440768456297	0.4039996986071148	
-0.06581705255723125	-0.07015491597734713	-0.06196001436201831	-0.0738870836438804	0.06664964966493661	
-0.06821395518900043	-0.07431846447051269	0.11849891932207414	-0.0067633282056649025	0.2260560232981255	
0.032893020601201466	0.07440450201583318	0.18332571177817225	0.07191944314987662	0.40751122171714266	
-0.02707400200837865	0.05100372713317344	-0.14270041969326724	0.032098337250123815	-0.20417166951349636	
0.022443281542308173	-0.0916436063059926	0.03589814232078484	-0.09393213487781077	0.13563943660649758	
0.04733918093767268	-0.002939066152856623	-0.02047600981302373	-0.12358502869503801	-0.2128957663832989	
-0.07669149489406192	-0.0005558849386191583	0.03872218254027859	0.07218696133479785	-0.034413090077199227	
0.07159473110948947	0.10727702335542433	0.05500838217662215	-0.02158032104124763	0.07062111838675816	
-0.08851727566099114	0.04988695411721711	-0.06977104430432944	-0.062235917080189156	0.05740779150964958	
-0.09451656019463006	0.024772000849989522	-0.15485999668422898	-0.0747060732181282	-0.21104095476312013	
0.08223826844279924	-0.0186925999852844	0.00955233263210704	0.008841966444939627	0.14746291114207713	
-0.0745177290625484	0.0841211478256823	0.16645922454888873	-0.04855524009859676	0.22585331861012697	
-0.04518860189469867	0.056376508464521996	0.038203594095962856	0.02428078099480967	0.06771851649819803	
-0.015192755048390303	-0.13642627758516573	-0.28986191207773676	-0.06688633615573579	-0.4176155025525886	
-0.040695007015261804	0.00624054487336314	-0.10491515358923009	-0.11882820007774723	-0.1385212628992781	
0.023925761455903853	-0.03861948174735138	-0.14972204277811044	-0.027552292642831207	-0.3872892243090131	
-0.026249443396123725	0.04626230643079498	0.1773994960221393	0.02530999778336401	0.39742512706484334	
-0.07609857206192529	-0.03858581543866328	-0.20790865152465612	-0.05747951776705761	-0.2554258997248645	
-0.0024076779121227853	-0.04582552279658477	-0.05682084347700252	-0.0815788523082991	0.04225049483434544	
0.03747897404867664	0.06892598924033935	0.06600942801351542	0.08066218803138492	0.3774266857474813	
0.0778795111776016	0.03443117434238858	0.12549156825826666	0.09745526195050998	0.07752172207250961	
-0.1094664290817326	-0.11049423911593374	-0.10695706563218553	-0.042049227458367804	-0.050559465005804625	
0.0742742664070934	-0.08977234756632521	0.07420901691466324	0.03281663748745226	0.0888086437958694	
0.05823109478963971	0.09109323052877169	0.11920710151228356	-0.042821801673307625	0.18427375660935244	
-0.03996693862893326	-0.03126160121773462	-0.15531345867669982	-0.07155867824171093	-0.37948247597857954	
-0.11942362102909411	0.0038086080578356237	-0.10091139270151991	0.05665190195487592	-0.16580131786799618	
-0.06258305116616694	-0.033689644808950835	0.025827088181908518	-0.04692748863055733	-0.0887836387790952	
-0.019802666677828203	0.022780454578880602	0.06489219384805227	0.07537305996354607	0.004426701379628157	
-0.10109460297205072	-0.02027741231046159	0.009988658365158514	-0.11093533800513751	-0.04395514533264804	
-0.04014673574341436	-0.14130945271582537	-0.13286436383914743	-0.09357262517462371	-0.3931124273442997	
-0.0062255413142587295	0.06147441497695321	0.04867987470817817	0.021913746212984687	0.006661366759714391	
0.02995270398574174	-0.010252100664029474	0.13364949865476317	0.059822475860533714	0.28442501833995554	
0.05313487794995666	-0.097775043692576	0.0028847935847950827	-0.0705169129765447	-0.013598159969325958	
-0.019248258988647956	0.04917724754415798	-0.05479838335192765	-0.06750386436466524	-0.004200820590025306	
-0.06672875131698577	0.004807212378872685	-0.00959732295413031	-0.09917935244596726	-0.11236035205364071	
0.01474205384383178	0.04609834494780539	0.2220229782322721	0.01704225954899243	0.3360171313005809	
0.02102266483234569	0.01526014484303445	-0.149155837825887	-0.08423187399716353	-0.2084094739984753	
0.09379000449468024	0.07393806341509489	0.089199374924205	-0.012788354385425625	0.24040057240470109	
-0.019231021096406647	0.07822032014547657	0.07312790064407303	-0.004650040267894257	-0.004440020011632665	
0.16049011371471247	0.04405291118656594	0.18381848933856829	0.09115758167928409	0.41106879228038123	
-0.08830933177677086	0.008515337340599005	-0.13172249147344708	-0.00543331817916869	-0.07732294264504908	
-0.03192184021372402	0.06475030525542294	0.15423069444904014	0.07048107088941087	0.2179313495381384	
0.0012403894228423119	0.11975290177148189	0.24202254575149404	0.05004947621485439	0.32257474441198125	
-0.0774044113515678	0.08496679191715731	-0.016210725088765393	-0.004142043249835712	0.05033779201512551	
-0.07169015479615726	0.08964739951349537	-0.011221308122938641	0.016971810083731588	0.01529770787892651	
-0.07261463609290567	-0.06436555554590147	-0.04384138480550109	-0.0017125058614739285	0.047518299205844536	
-0.016790121965834574	-0.05895024092519675	0.11205286448153057	-0.06928645158671612	0.2767442066215262	
0.011935893355733002	0.1530924822108832	0.2143077097410482	0.18390870940102497	0.49961964000949893	
-0.04390785811959969	-0.05976760559319639	-0.25421764489424864	-0.08400198387471955	-0.37296206169775525	
-0.050911791156701434	-0.08720591751074709	-0.278145872956876	-0.058399047514557725	-0.3659077759697834	
0.08840905831230124	0.05042670747952894	0.06683559776898647	0.08342048309192893	0.21678418219459245	
0.05484690771860532	-0.10348206036926573	-0.17241306255673466	0.023122054674788662	-0.04582116121132051	
0.04265820078682602	-0.013912220147941847	0.03960601899450735	0.04120029923613074	-0.026447824105365298	
-0.028971144803170763	-0.11937197013869362	-0.28342096527562977	-0.16728836541847583	-0.503934339666775	
-0.14299483720087364	-0.007754180356834319	-0.038656219133016506	-0.11101307996734909	-0.24076448763575256	
-0.059728228452971314	-0.059398932954551766	0.0393915415914502	-0.007228196661253796	-0.08254068498887138	
-0.10377026292431916	-0.0882035924879322	-0.051605159042566746	-0.07649536191011286	-0.16511514166312283	
0.01783850891240016	0.10942409020619362	0.0827297033662732	0.00924658436488621	0.2081803882724545	
-0.06678240562093088	-0.04169118783557683	-0.10399308062399368	-0.0004953996674052416	-0.051916700652484854	
0.0550931732797482	0.1611351836226681	0.20794261409038856	0.12968466936192358	0.33979044379418294	
-0.01735950835024823	0.08382681587124505	0.040488303095892075	0.055121618265981887	0.09882348232905312	
-0.018006767693746147	0.03695072786697638	-0.11318182303598277	-0.009573380790386362	0.03350300538392451	
0.016910953612599505	-0.05029487433299948	0.09066061409837181	-0.03268044670042186	0.06288603219113309	
0.042485321814201955	0.15634057692329495	0.17910860355952687	0.12799035990662455	0.2113950424118679	
0.10040383588806384	-0.0901438300840378	-0.050163815092667395	0.08498222617330803	-0.1482292198745617	
0.12461930381384129	0.17432753720102717	0.1933197935091578	0.04388641429343157	0.450398566485506	
-0.08447759372676909	-0.19895378531457036	-0.09872431920740171	-0.04996696431688414	-0.23395605516994894	
0.0866340501744435	0.005144095534430451	0.11484124654662799	0.007785642701959055	0.19446422784833706	
-0.02794670091079102	0.17541583421080129	0.11876540729974425	-0.01203460198294511	0.1921238936248381	
-0.22155108840206156	-0.1910501996654502	-0.39598228566347105	-0.15309007992874799	-0.6572795519534921	
0.04845941790696558	0.012965126265803031	0.010892371712382056	-0.04263956611638217	-0.034839115152839585	
-0.0752297611406711	-0.058267699872159094	-0.07625884712860943	-0.04096064357571423	-0.033579216257891294	
-0.047241152648615586	0.032902559908300544	-0.10219963879957747	0.044290419874429415	-0.05502271201681205	
-0.02813402627548679	0.0667035698729195	0.02057589432877287	-0.05309994645581526	0.05566457951104519	
-0.07080268284678684	-0.11124618136351883	-0.17576636354572983	-0.04575051667804817	-0.35821875958738036	
0.09274506158472892	0.025927854920692963	0.18896020901062077	0.05599733097604614	0.4550282314277987	
0.08900467635758025	-0.04268456143012637	0.05921434397192861	0.09827726614350621	0.06089562276155826	
-0.4328768173195612	-0.7367829883313995	-0.9499173833838389	-0.6641360384880935	-1.3614664063512036	
-0.09724649748845665	-0.016655207525860777	0.0876963783713468	-0.03139437803391869	0.055948859096520004	
-0.06505273743451852	-0.031609432739509516	-0.07108045583238065	0.043354162829275206	0.03986152473936283	
0.037699463589783766	-0.04932079310274007	0.038472024324681775	-0.05454049181681009	-0.015070176813732059	
-0.025615575666462553	-0.02893841767597556	-0.08846903855174873	0.02632932537318794	0.04146332053633989	
0.022717738900567122	0.0296625512326249	-0.06601185715654845	-0.07011064021222752	0.00283500870517657	
0.07506654527090781	-0.0632093116905556	-0.007432176258348022	-0.014213533194019412	-0.0005421628160967307	
-0.01857598985601479	0.0678610328222935	0.16695229071213655	0.15796539900368256	0.46787063563167003	
0.0286327095281343	0.09336450977674236	0.0772264048466829	0.06905046966129051	0.2216782830885485	
0.09528128739242098	0.05763098304646502	0.07438353679160695	-0.048711865334702814	0.048183378923331924	
0.06031768226193779	-0.05700299640967643	-0.22260319720610508	-0.17126560709723743	-0.3832817221795575	
0.021018803455927028	0.008150035823481937	0.015189549581536657	0.0329451636601516	0.12210712486321382	
0.07696084403706607	0.06593341345301745	0.18914100218496954	-0.04155500082369588	0.2819906258899187	
-0.0894010914664021	-0.06010089077228773	-0.015449467671087819	-0.07849822476296647	0.02473408219954036	
-0.09040148719022655	-0.043075223798611575	-0.08779266377606579	0.04070386622101624	0.03369123351789641	
0.002723675723692298	-0.009533911003873116	0.16142584328601955	0.015944469023269108	0.27210857365605806	
-0.00013224213427387763	0.009828726191627545	-0.08364378262911638	0.03299944872007901	-0.013029382571112419	
0.17177663349361236	0.23488955432902914	0.412583740006591	0.2521409705739445	0.7736331779179549	
0.01686676950951262	0.13186825134073377	0.17831694232941606	0.1500235838803184	0.2739521328573419	
-0.14419346847183265	-0.09485661878322618	-0.0017353935028690897	-0.06993432411929615	0.5353179707055236	
-0.14260973252925532	-0.7019335634929073	-1.7587173769081743	-0.5713662068384797	-3.663725394837564	
2.052580149161149	
