TESTRUNID EPOCH: 99 L_PCC: 0.8657862654703192 L_ERR: 0.0039059122273246154 T_PCC: 0.7722996359524903 T_ERR: 0.006841751765307539
180 LAYER: 1
5 LAYER: 2
1 LAYER: 3
99 :ILEARN
0.1825457372759376	0.08987913265401415	0.12035656678269517	0.11695981135690835	0.0851656241643809	
-0.20768255784426046	-0.06751780284621521	-0.166891297965277	-0.15262737560069908	-0.10826363702360581	
0.1636698191658587	0.043983156696438507	0.14626159766806032	0.2334526923945801	0.03356951422694979	
0.41240228137429963	0.004274221530304613	0.4177827872383747	0.2369791356886932	0.21246705093182425	
0.16767701054011605	0.09760645993499614	0.07361960988761591	0.12596102402014314	0.15329680924658276	
-0.04487389163550414	-0.08818978185419835	-0.21200134246766855	-0.16575994428375876	-0.011626874776324153	
0.1573190083243462	-0.0008456039304657434	0.333015381780465	0.1946754284903568	0.19795284699172244	
0.02351601186003757	0.04865253020563184	0.12620997549872384	-0.05388940267945669	0.09926117708982585	
-0.029631814508133243	0.05097585017272982	-0.18033351487782348	-0.050736495965788005	-0.1697022541518271	
-0.16736726269853425	0.050963230758189364	-0.1883184538881272	-0.17080850591533764	-0.20058611229661852	
-0.17339403326317726	0.022343440925663212	-0.13522579925527184	-0.1135579486485676	-0.06213588818130013	
-0.22275553495505696	-0.02306180781689203	-0.20166272758064757	-0.10885597516343523	-0.06554198948408338	
-0.20415786874287517	-0.031541865255945746	-0.10173162748114309	-0.12899004497244343	-0.19037215507892427	
-0.18365261470075323	0.023853468316572826	-0.1913511690360982	-0.08211868590817509	-0.13996745266454155	
0.23810591051071212	-0.06455678782271153	0.09074694227640953	0.1956540004888939	0.0941767442929691	
-0.034403001297519886	0.09589634778455375	0.01407332663693119	0.07208548832982788	0.05817814476902344	
0.1490778315646604	0.03314857617826648	0.13231269416192026	0.03003801400044322	0.0056031395197483165	
0.044693815489189784	-0.01514884190966285	0.05118962857766044	-0.00881134192236041	-0.008394564104521213	
-0.23405154396021002	0.07385961639350797	-0.19783801146607347	-0.12689868030557616	-0.161336138523338	
-0.09295992529352629	0.048354108010274024	-0.023948367787282418	-0.12162914351092413	-0.026025044742446667	
-0.15043037458305744	0.011551642837845771	-0.04588849387684966	-0.13203244448007648	-0.013905511736478688	
0.47188909928562317	-0.04464344936466455	0.571248532676265	0.41653528686789676	0.44116347596933625	
-0.010703906329119507	-0.07128662986846898	0.14477130154847165	0.08295529042682723	-0.047733580625928786	
0.10564013963170836	0.05093313004396866	0.14126449312163722	0.08793633428073153	-0.03937272231369667	
0.014268506637261636	-0.09173476802012107	0.02336765331748234	0.043116865836750215	0.15205652615935553	
-0.7091151984080374	-0.14534156557678132	-0.7005619373772787	-0.6903276506675874	-0.6374705670969949	
-0.02396753317438177	0.10460121922134495	-0.02442968403823862	-0.1305547768692189	0.03563683735415996	
-0.06620078306903748	0.056071257265854775	-0.0371720143327931	0.046609255404673804	0.02812002210742017	
0.4198132593229	-0.044610151067425774	0.34472210033764966	0.272803312474351	0.2029916439042839	
0.07000323910608704	-0.03180282468127649	0.19711284180169422	0.13842131621883047	0.01189929988071036	
-0.34674337541030165	0.0268288176149437	-0.2523299026151318	-0.3003220764712425	-0.2815754706674728	
0.22243486974112	-0.053232249822513004	0.20776816852382207	0.24671230710776704	0.20130777859369112	
-0.6821863830408736	-0.07460996454094068	-0.6526148572229046	-0.5088964824834336	-0.5517453029442648	
0.08542655722866524	-0.06703269397467491	0.18851175333627215	0.17520802222756984	0.14763680631753145	
0.5109184573961522	0.18086785998544372	0.5996143316940208	0.43706772762551926	0.43045085221854845	
-0.13712543847120162	0.017978295559217164	-0.22593970415966247	-0.2537483678415625	-0.17897848137144387	
-0.021789009470664013	-0.037012958367168135	-0.0045418233243722924	-0.14321087103966018	-0.08542543719141758	
0.06269401542510626	-0.060174822603827054	0.029792832126422357	0.006330793788862495	0.08642953722716025	
0.2130302733130697	-0.052015334592372404	0.3255240733149711	0.27639160578203104	0.27815468792403547	
-0.1577836615317549	-0.10391642330663287	-0.3032990717979233	-0.1795311483308135	-0.10018176650031939	
-0.056906596696475825	0.005507996493520641	-0.07718053427312117	-0.09411916947633013	-0.1274136121978387	
-0.33420212867035765	-0.012316095809803796	-0.3374663876920093	-0.21104080489438648	-0.17619250977220632	
-0.0006089548991105528	0.10084665559095693	-0.04578653645730884	-0.06683178904883187	-0.06499521542812618	
0.5152946186587701	-0.022869273765462567	0.6451993803863304	0.5018730558058155	0.2947249259188469	
-0.08451648500919072	-0.037763893556657914	-0.0921740238621788	0.0471896481857945	-0.046367002726499316	
0.04677843506078309	0.01945467108891745	0.036259644408966646	0.032487476064187275	0.05372114263151627	
0.17843223207796732	0.022556627670281375	0.249640699447938	0.09924173318225865	0.13093586086152978	
0.14543470229846084	-0.11094395330565095	0.1522093778214862	0.08360040113802032	0.1252700598733794	
-0.00782443474760703	0.08329247404143504	0.043992860117087106	-0.0325671942622856	0.07324619744421655	
-0.10217175360434619	-0.09426358438013586	-0.14618280030707134	-0.07879769552173935	-0.014586410338582356	
-0.045970202819175104	0.04934155030952484	0.03386960135251978	0.1336623130831489	0.034019762892093096	
-0.08726978270475627	-0.024117907404656337	-0.1444456492286366	-0.17997137297285692	-0.11370725717563829	
-0.15511010287434698	0.06278359322079571	-0.1623386189992973	-0.14442829462287082	-0.08521958816659324	
-0.15914389633826329	0.011981441066058095	-0.16586415822952358	-0.15064666600461263	-0.1350989779995257	
0.18792282648403624	-0.003515607412866455	0.25831361759134247	0.16847651009719058	0.25348017653897564	
0.07101813213865446	-0.055270510165941436	0.042636848896660196	-0.004171160357251223	0.08289966274429827	
0.21453762822766564	0.07654908623552922	0.1997371264174107	0.07140845243930719	0.05202820340117393	
-0.025237725372086968	0.0002846057001856194	-0.037842269506835655	-0.06222991008004234	-0.024807595845405688	
-0.024525584903381373	0.05881784526821137	-0.01664829724082858	-0.04393827469012028	-0.0653815482012017	
0.005536547503364136	-0.013789092443564077	0.017878538077225274	0.16963159664486333	-0.0004541596547626759	
-0.07053510630024504	0.07788451567546818	-0.09322224475419796	-0.09710530543512709	-0.15947064612449707	
0.11771195870584915	-0.02497192139973933	0.0713257052075415	0.12644666829841505	0.051392574446760174	
0.1706451180855164	0.07889649863879594	0.044248316257061715	-0.013052146054799079	-0.0069121442289329475	
-0.07754714957853644	0.042226985240918585	-0.12904481093357756	-0.1359518662933705	-0.004661623487470767	
0.034757160641703845	0.022651428607798	-0.002522451351084529	-0.03670126525215371	0.035654563860895966	
-0.019909728900768496	-0.07636541655462553	0.02476620522453299	-0.001421666346876233	0.005476476098138227	
-0.1436640835639263	0.0010809519049664832	-0.11690741716541138	-0.0523903250858737	-0.01725920994179919	
-0.1604984050045241	-0.0430198124290957	-0.013461422552730052	-0.03183959397589296	-0.06630312029449376	
0.13032992966918477	0.09304662450540163	0.12794613485508438	0.11738605445865077	-0.0395573153518073	
0.09005705236799803	0.05504883218996416	0.09048073095396089	0.10851141329503002	-0.05038958734388981	
0.01862489927961532	0.040884065194094474	-0.0681269695811821	-0.06580986883871602	-0.009354534316360267	
-0.04536792223867725	0.06165047793898506	-0.028282116600138615	0.03913730685487161	0.0841364500105749	
-0.08849114574722595	-0.06559430411394093	0.027493075629610134	-0.03576087693007439	0.062026389180946426	
0.13376265110261742	0.10003546200322137	0.11852696566943233	0.09234509290253728	-0.004678393727051082	
-0.053138215102096	-0.10600825784592319	-0.07924567759685536	0.004819519957591408	-0.12445512553354632	
-0.008988257347810334	0.08565554785605696	0.04076074160735502	0.05057965037626183	-0.042443727545315245	
0.0543596886894221	0.03236998444381363	0.1629737455303966	-0.002201829531105469	-0.004873193602672063	
0.004097704802741055	0.06024490983639174	0.04893879926888922	-0.04458443015604497	0.039843731874426365	
-0.006568359867738136	0.04920533749808157	0.0056441877868567665	-0.06626401163491241	0.039945779070714844	
0.014689435050562324	-0.03301580890044822	0.002802576661630359	-0.044026052676996975	-0.03674936069440681	
0.007655105248724665	0.060650173298437304	-0.16902250251888676	-0.02073247527933531	-0.06018978084115891	
0.09466634993508798	-0.04760611315968796	-0.03069967636887205	-0.07915458506072544	-0.011200549163040958	
0.04675945427692846	0.034643934776564356	0.1954612558018105	0.13169578748247093	0.13248666765774741	
-0.05324572233514797	0.06979232394872385	-0.03990933983448258	0.04076793782112247	-0.007523375419930856	
-0.1612927445321551	-0.09918763339131159	-0.18879776267622658	-0.1691913078866476	-0.08080758012624148	
0.11230413788963586	-0.08321255679472073	0.257749885321982	0.14355957084552384	0.19016337889262866	
0.04671300346245683	-0.012059221657370429	0.05770231023397385	0.04589296237691921	0.10202234952560614	
-0.0705417166760672	0.05606026094116365	-0.14528990963403607	-0.004129432678813752	-0.138312914269813	
-0.044450358874961224	-0.09885202433229424	-0.06581185384683572	-0.14493363754934507	0.03718976537706243	
0.05372127529430083	0.0530654557439266	0.04324562040745039	-0.10000942149536274	-0.10298859370308791	
-0.10415983693150957	0.013745911898317533	0.02822682958435173	0.04084786756478433	-0.002743237916245824	
0.22192162771002116	0.08563969646324486	0.16378568080753372	0.08713167334806884	0.043260941303475686	
0.006745612224312646	0.07107036743796137	0.020388772544170073	0.023602125160079694	0.12492154031890808	
0.007021298486543979	0.10449285591554566	0.002034262198273181	0.05365109699231169	0.017457728261985838	
0.16812952053446392	-0.009853986738781665	0.10079983963718614	0.07294902163740168	0.14983769331733113	
-0.21181709399194407	0.019571775012500778	-0.06834032612481854	-0.21479227936319853	-0.11147958252017635	
-0.13180360368943145	0.04837014472467391	-0.10079103002153175	-0.07661516547381131	-0.10968528783517516	
-0.030494863588544214	-0.054725603889331106	-0.14301714863955936	-0.046926264641601274	-0.08004737982462619	
-0.030135490504537493	0.08428098290456933	-0.04075141084926032	-0.0657214242105015	-0.04987151235289591	
0.14295886369448327	0.1086839750856968	0.13626671841835583	0.12481587883327894	-0.014205829016194174	
-0.017626154612980657	-0.051585636096891034	0.0246554377021914	-0.021206144838708026	0.05705650420294776	
0.0077432971805881405	0.058245980908032104	-0.04261415705072231	0.04639142289080517	-0.06448933835174114	
-0.0586562779690106	-0.046634803978336276	-0.15979457733393693	-0.11478441726532196	-0.04355958227415073	
-0.09634581389422497	-0.022392219726288912	-0.17436843019238163	-0.07670572158375064	0.00986609574118418	
0.08685376017860906	0.03057371959477685	0.11941227792104164	0.09303102178714012	0.03702660445134378	
-0.011099983344804644	-0.07451559735869072	0.001439321959121025	0.06094278535724964	0.033987607532065804	
0.12170494289484747	-0.053486246080188427	0.1268631978912052	0.07747926189321461	0.08955248807402719	
-0.08303536702213422	-0.010212171092673113	-0.0860272456950964	-0.17799680796811837	-0.12999751003733334	
-0.02920909579468575	0.046041858003131216	-0.03520198634259507	-0.03734945935961927	-0.09421949401573007	
-0.16458976671253384	0.058849330007076435	-0.11694758796855967	0.025062906471714948	-0.11767280027103529	
0.1280763663985871	0.016867461523890858	0.2299352564478252	0.12651170299815984	0.04818303058676973	
0.12863516551567689	0.005534622627835393	0.20277398636655836	0.1940381822909697	0.04664824800554928	
-0.04754655204920599	0.005141231591031881	0.10957639622394313	-0.07113699773001979	0.061055133519158464	
0.014449562605523799	-0.0016513984897087634	0.059966264239519326	-0.0005217517340614644	-0.11520380288491017	
0.11919100024210766	0.096970222934685	0.20023323547159372	0.13674057248915691	0.13208874712910898	
-0.16401831199299197	-0.07947890283891236	-0.16058372764613654	-0.13585356731707127	-0.1722009576323865	
-0.14876166444692995	-0.07229801233046655	-0.17944366103260145	-0.23069710008453873	-0.11874811977024695	
0.08378863214938118	0.06866235477888091	0.06852389741113059	0.025813662174385615	0.1195119293547307	
0.0318002426744451	0.043598873887975176	0.136482060300623	0.006194475692004914	-0.0038212719619442536	
-0.01886273814982231	-0.06406749773421887	0.012532349837491802	-0.07656211304958559	-0.05328212147756505	
-0.07115298722437258	0.044875840260111655	-0.17716874828047108	-0.13174043791439816	-0.12479235360556283	
0.08684809781702095	0.05592286841408302	0.03336846749990674	-0.03388490068834004	0.07170471514701483	
-0.07653366134335739	0.0834975161211609	-0.025448194062057644	-0.07444365698672235	-0.13731045857181526	
0.20499475571665982	-0.06631113300892655	0.053235433988080075	0.07102581974015336	0.054596112096945405	
-0.055581616849077316	0.03966050523393263	-0.04410946827273637	0.03764096562408243	0.058724708493998794	
-0.17674060208859937	-0.012962472939662543	-0.06075045265310107	-0.07345747769309703	-0.08186359964161176	
0.10473397145882042	0.05408803481592289	0.24709097739113606	0.104849651371072	0.15990842377790274	
-0.008279842073986085	0.07915060245426991	0.029523575747603666	0.04811940431624894	0.015054114644587363	
-0.0622195791126123	0.08637923488456453	-0.015482026401012221	0.01616328663061776	0.005999542776944379	
-0.031318557096297855	-0.05367172816339317	-0.0542644406928086	0.0007242552800838879	-0.04211933575848149	
-0.16079015229649635	-0.08664792723804053	-0.07850789568933964	-0.19773279824352163	-0.01893110428324858	
-0.0007625772658451059	0.008771744491908429	-0.02593081137168649	0.09928053498623797	-0.022133679484436317	
-0.03194518228240419	0.056451627864929306	-0.10461468597440803	-0.030518219970942496	-0.08345018277366405	
0.21547677741680005	0.06262398539630373	0.1063679915735181	0.21019300306141137	0.03269072971677419	
0.08709941094669055	0.024920032655744082	-0.00966709237667838	0.059771869065098786	0.05189751183081876	
-0.053336653556936335	-0.06889190558771359	-0.24186883109227744	-0.05410498574600364	-0.060037189233731886	
0.05959721349376508	-0.007126142285309975	0.0502528030145498	0.07428828703338253	-0.036617377583984846	
0.13291198444192487	0.055579119333347866	0.10086313760520109	0.039782487023007344	0.0895595222728232	
-0.09481642701445232	0.0395251529972325	0.08591311260138723	-0.0441773740872583	-0.07108919685862487	
-0.07202646553869314	-0.042872906732827495	0.059106467368542394	-0.005175445127392566	-0.06223994367087066	
-0.2680718455130902	-0.10557785534344809	-0.19011414488845974	-0.21784249945650738	-0.20500633724728745	
0.07877831968311401	0.06391042268029837	0.06763200727654517	0.017546795737803912	0.07391129595646123	
0.09702863781015295	0.012333869545031748	0.12656377117207682	0.1537372894973881	0.18914037237992115	
0.0811174878748573	0.04825157985099552	0.10749662965246655	0.08903745722326868	-0.013552820462500864	
0.011378916821594887	0.08169515603157267	0.045249678698565325	0.07551089492328748	0.01763221018516363	
0.16608684760489523	0.07080174075682498	0.0932427099588694	0.15722770713666057	0.21577660318107317	
-0.0036178969827480355	-0.05369491335369527	0.05822726637778969	-0.05493564293426413	0.025322311403545922	
0.03464627107049376	0.08140597847577208	0.04641246730588533	0.0749182937842629	-0.09066078644909482	
0.06524358138464527	-0.08271072000281927	-0.06780276102138727	0.05860441249547651	-0.11696917075840256	
0.131340824686151	0.08439113327629803	0.0519230424373452	0.0028917073691491265	0.10359732403763515	
0.10728520898425456	-0.045168037173103456	0.19791825669837293	0.1676108003491014	0.08610706707505435	
0.2655990415211351	0.011978079957517703	0.24797457372688952	0.14750395389409424	0.15048436104273522	
0.0015749664125962832	0.10104814493619714	0.036494086515605595	-0.020865703119769898	-0.023467604650442515	
0.026388947818732734	0.06549468107566896	0.13840117529238505	0.15715297379298987	0.09476924097989033	
-0.13374623848826026	0.04117673448842772	-0.1437927542710439	-0.17902905853125045	-0.1186983820605598	
-0.17283327202905227	-0.056614731390296935	-0.15335012708435328	-0.11332407729128936	-0.13762128408795082	
-0.18652122341126182	0.07162105582195175	-0.23425304883729706	-0.06028068575312336	-0.11347696619285791	
-0.0658905307441768	0.06766165248966657	-0.016164945601725895	-0.08162877485068151	0.02536690136187486	
-0.033309798855512975	-0.036595871800729506	-0.03187572803728635	0.026372119001189003	-0.05744109793356313	
-0.1523505172647696	-0.0656481114427963	-0.2074506325219997	-0.19154156210545514	-0.11128737214724414	
0.09462473189558196	-0.055544405685647856	0.03572387771720278	0.08061325335888826	0.0025902555853756105	
0.35627542532428313	-0.018220265490133593	0.308661900127154	0.2657267286621542	0.14465413560447515	
-0.05938413213122762	-0.016369594427072615	0.1315619912612415	0.003158297438492443	0.0855643271847105	
0.03085882242278416	-0.03080388423430787	0.02783358427274138	0.122567499312196	0.10458284226748635	
0.1540653369484214	-0.04323395994468889	0.1630864171199244	0.04385513483434705	0.06904541350355228	
0.06662370993942242	-0.020301450506921444	0.009980645889904232	0.10400921188102939	0.10892518439299179	
0.15061004788937385	0.0452453365590389	0.06903219241659603	0.037836570778419856	0.09834491122408458	
0.2063064549439274	-0.04964862029430412	0.13479706756865378	0.09851810211781221	0.09761407982309972	
-0.12269557828450178	-0.03237195264567778	-0.11306679756575576	0.013174706673530368	0.00965223356203363	
0.06090917845083559	0.04726822509219663	0.004773387203085388	0.05555347077136409	0.01873539512807069	
-0.08221020085319168	0.08508406246314158	-0.12505145989364172	-0.20311225452927323	-0.10527890111880484	
0.5823166569682532	0.18589767907565344	0.5490271511654052	0.34075847972327755	0.40141425439068085	
-0.18752308781353969	-0.004275965237297103	-0.22726075118573702	-0.15652589590724755	-0.08050083368066793	
-0.6155177990513384	-0.11339270803233448	-0.641922049316704	-0.6701150898177057	-0.45187122309802713	
0.017564910213497296	-0.05426651234575463	0.10181124837144305	0.01712381729488138	0.10589918540507641	
0.03668256061871682	-0.04373697628844179	0.05138710496806672	0.15956818057633632	0.13103180906962308	
0.04953554028183384	-0.05841339839423262	0.12601715523887536	0.030956752118257682	0.10888718685968063	
-0.013536076710656096	0.005358934304068018	-0.09109582366756544	0.006226897241415368	-0.04088000029972962	
-0.7411535060978269	-0.21688279002123984	-0.7190746053520259	-0.6334151072392009	-0.5150853844005069	
0.12065144794776393	0.09343093702058057	0.16430189197430728	0.1952976334036697	0.08406330691138365	
0.08204658346535519	0.04969074864799911	0.0905867008686208	0.09653371924730249	-0.034857584632630535	
-1.9583464516171734	0.2246091118061512	-2.1158514880489756	-1.6661807814431824	-1.3511695582899548	
1.5199304375285885	
