            A        R        N        D        C        Q        E        G        H        I        L        K        M        F        P        S        T        W        Y        V
 1 A   -0.022  -0.0218   0.0411   0.0807  -0.0396  -0.0475   0.1851  -0.0414  -0.0268  -0.0522  -0.0146  -0.0383   0.0142  -0.0012  -0.1192  -0.0209  -0.0661  -0.0609   0.0449  -0.0168
 2 A   0.0117   0.0109   0.0529  -0.0254   0.1192  -0.0367  -0.0308   0.0025   0.0042   0.0913   0.0278  -0.0511  -0.0209   0.0598   0.0178   0.1003   0.1293  -0.1172  -0.0063   0.1035
 3 A   0.0365   0.0706  -0.0043  -0.0906   0.0393   0.0155   0.0152  -0.0012  -0.0493   0.0869  -0.0315   0.0112  -0.0961   0.0348   0.0098  -0.0679  -0.0204   0.0845  -0.0484   0.0288
 4 A  -0.0142   0.0325   0.0682    0.036  -0.1007  -0.0271   0.0765   0.0426    0.058  -0.0291   0.0147    0.064  -0.0056   0.0755   0.0076  -0.0199  -0.0198    0.109  -0.0092  -0.0612
 5 A   0.0214   0.0457   0.0489   0.0074  -0.0567   0.0194   0.0542   0.0194   0.0496   0.0084   0.0439   0.0122  -0.0312   0.0443   0.0291  -0.0013   0.0636   0.0207   0.0312   0.0598
 6 A  -0.0554   0.0256   0.0816   0.0187   0.0075  -0.0071  -0.0289   0.0239  -0.0092   0.0667   0.0723  -0.0011   0.1602   0.0131  -0.0254   0.0248   0.0328   0.0652   0.0303   0.0395
 7 A  -0.0208   0.0439   0.0003  -0.0179  -0.0792  -0.0576  -0.0484   0.0522   0.1018   0.0596   0.0021  -0.0034    0.034   0.0083   0.0419    0.068   0.0457   0.0092  -0.0524  -0.0222
 8 A   0.0376   0.0108   0.0389  -0.0353   -0.042  -0.0629  -0.0339   0.0217   0.0083  -0.0454    0.044  -0.0149  -0.0307   0.0388   0.0029   0.0059  -0.0563  -0.0121   0.0466  -0.0382
 9 A   0.0146  -0.0438   0.0547  -0.0857   -0.085   0.0218   -0.019  -0.0062   0.0597   0.0402   0.0147  -0.0522   0.0559   0.0622  -0.0783  -0.0906   0.0023  -0.0137   0.1171   0.1115
