            A        R        N        D        C        Q        E        G        H        I        L        K        M        F        P        S        T        W        Y        V
 1 A  -0.0751  -0.0342   0.0113  -0.0032  -0.0404   0.0191   0.1131  -0.1985   0.0144  -0.0136  -0.0284  -0.1249   0.0991   0.1178  -0.1785   0.0033   0.0432   0.1699   0.0319  -0.1443
 2 A    0.114   0.0489  -0.0895   0.0095   0.0744  -0.1107  -0.0751     0.08  -0.0597    0.096   0.0005  -0.0143  -0.0165  -0.0642  -0.1177   0.0706   0.2099   0.0606   0.0525   0.1786
 3 A   0.1339  -0.1274  -0.0316  -0.1323  -0.0372  -0.1124  -0.0513  -0.0659  -0.0302   0.1262  -0.0621  -0.0583   0.1264   0.0965   0.0317   0.0738   0.0331   0.0184   0.0197   0.0775
 4 A   0.0628  -0.0304  -0.0429  -0.0412    0.075   0.0543   0.0353   0.0943   -0.002   -0.057   0.0477  -0.0491   0.0162   0.0621    0.089  -0.0409   0.0103  -0.0131   0.0209   0.0114
 5 A   0.0395  -0.0054  -0.0498  -0.0034    0.056    0.004  -0.0625  -0.0099  -0.1063    0.144   0.0243    0.002   -0.018   0.0604   0.0927  -0.0083   0.0043   0.1202   0.0528   0.1581
 6 A  -0.0095   0.0001   0.0542   0.0456  -0.0218   0.0847  -0.0569  -0.0457  -0.0487   0.0641   0.0085   -0.042   0.1543   0.1703   0.0088   0.0144   0.1112  -0.0391   0.0414    0.046
 7 A    0.013  -0.1222  -0.0405  -0.0764  -0.0107  -0.0018    0.015   0.0617   0.0557  -0.0173  -0.0404  -0.1055   0.0775   0.0551  -0.1246   0.0679   0.0414   0.1349   0.1171     0.07
 8 A   0.0353   0.0082  -0.0369  -0.1057   -0.024  -0.0604    0.032   0.0298  -0.0604  -0.0742   0.0322  -0.0129   0.0349   0.0991   0.0989    0.041  -0.0851  -0.0598    0.029  -0.0322
 9 A   0.1183  -0.0692   0.0217   0.0595  -0.2434  -0.0871  -0.0778  -0.0025   0.0192   0.2316   0.2261  -0.1584   0.0705  -0.1101   0.0092   0.0156   0.0596  -0.1299  -0.1871   0.3194
