TESTRUNID EPOCH: 99 L_PCC: 0.8451142791316306 L_ERR: 0.016391306918582607 T_PCC: 0.6617528560816175 T_ERR: 0.02090721889318489
180 LAYER: 1
5 LAYER: 2
1 LAYER: 3
99 :ILEARN
0.14542186951282315	0.004376157218696557	0.11547475874148187	0.12510183638614553	0.0020893446263174813	
-0.04302107472833269	-0.07240883898281766	0.01919119725563112	0.018287058042931178	0.023273732727310686	
-0.028545973970392515	0.040045200820411124	-0.0743964828059036	0.06313909525972958	-0.09940122667583817	
-0.03745264539711803	0.0012284375910892771	-0.08012644968540394	-0.14681699603197518	-0.09073808212318743	
0.060148913735107334	0.0936523151438795	-0.03731516436815144	0.03846452313386281	0.07527783045920766	
0.06059202041240573	-0.07859510426234506	-0.11451118148168975	-0.08419671956404781	0.06839591198979542	
-0.08033063323338999	-0.015778474998989572	0.09157790603010038	0.006633056994603412	0.038375422790094676	
-0.014520255290115159	0.0316938255271791	0.09643787484514835	-0.07358946126028597	0.058866898790247965	
0.1432880453071485	0.03846152678698426	0.015283445607453445	0.10419588636318561	-0.06000155621874704	
-0.01042129476481897	0.08171910061861912	-0.0412771703252641	-0.042444932282730254	-0.07399428557634447	
-0.09612660842594059	0.03576710658797819	-0.05767437679998819	-0.04689066812555476	-0.0016853681439323448	
-0.09103407710551449	0.015132267902278212	-0.07275349480407226	0.01615814228057295	0.039191356624562294	
-0.07953311423443483	-0.017188802436086337	0.03888003154554903	-0.01716414609461947	-0.09000930821078257	
0.018372382525934955	0.030065550528392767	0.018185672662302216	0.09975366383374935	0.022008383465795908	
0.0787651416203151	-0.07209708593594233	-0.07448211242275425	0.05955493187296074	-0.021227612252046682	
-0.13544004438804963	0.10223904079763697	-0.1181046594257189	-0.022879714524195547	0.01575547286550163	
0.051829475264941166	0.030549958211766915	0.018997085457212303	-0.05488386249324337	-0.05593472584900943	
0.021736409885068492	-0.0007621696396269576	0.018544754367601703	-0.02471265321031391	0.0014225725604333711	
-0.09191485253721943	0.09344316050676245	-0.028706586707324063	0.0007118124920039639	-0.024253352639619148	
-0.0677204872789304	0.08425964583660249	-0.0042697792895137355	-0.11430096355987641	0.01739147436386175	
-0.024514011741273194	0.002975826483516873	0.09035860162753696	-0.018290632451800553	0.08595313854733656	
0.055317986274238444	-0.1041902496895187	0.12594970015644022	0.06866503920558346	0.11210352095985988	
-0.055369557126861715	-0.0750410915346816	0.09970902480502476	0.049609934459957594	-0.08253955071085232	
0.058491833417999184	0.04904006644296613	0.09424143660695133	0.04978627296133917	-0.07194853219120068	
-0.08550734214940861	-0.09731256998324384	-0.08097610858306023	-0.04014227023333224	0.07635095019086857	
0.018013228887783683	0.008071023892442578	0.08171464525646427	-0.06480631089055516	-0.03989114849924135	
-0.26461852215992643	0.16080836362273662	-0.33893717203087076	-0.38405908601663885	-0.05161446777497709	
-0.04314297726804682	0.058952058573030854	-0.009255151197558173	0.08305674919169033	0.05369612096275945	
0.02170995606706944	-0.07522914430651516	-0.07467938343303267	-0.0651577343877515	-0.08671650717628891	
-0.04695530893800047	-0.06272993418405007	0.0838264894533478	0.04379910275793826	-0.08463719145414758	
-0.08560514406210265	0.09345526600005441	0.013620092383988425	-0.05934135306780191	-0.04953485108593532	
0.058696812956819173	-0.06330821183658654	0.029136962063350133	0.10404726478872545	0.07355829216408356	
-0.05211121825309385	-0.0011563032756109909	0.023906930683678256	0.06565028765241072	-0.06841883618513474	
-0.0962847595645181	-0.08599557125615553	-0.0027309778125936407	0.021265892330666072	0.013770287417296273	
-0.00340989202666163	0.0896795386957425	0.0586238634482962	0.00944714579405755	0.024149381730931094	
0.080780576921214	0.026113337691602876	-0.005574521157743284	-0.05427093398570633	-0.012438701766580358	
0.048257499826073066	-0.06334287690271126	0.07902290597834767	-0.06442701565608877	-0.03878749600815813	
0.07095250444407586	-0.06369056190781835	0.040862567686649864	0.015086162299186603	0.08917683832359977	
-0.02109765821724956	-0.09312747825352344	0.08091347872785827	0.08092770635317698	0.09227939165546935	
0.09648456601501357	-0.09967793183250696	-0.04012372191627361	0.033615918372737044	0.09403193147665308	
0.08189875292739426	0.01323112115193479	0.07408351723711178	0.019722559361573026	-0.025088365611686075	
-0.0028018665806180537	0.020862096583994655	0.009909584301712515	0.08523628534129074	0.08374668712672123	
0.052869300250453735	0.07341391005532229	0.04046415051979979	0.0030481640491007	-0.03511163858503966	
0.018808003497290022	-0.09989169479522488	0.11218692060554776	0.08298962416878823	-0.08961793344196803	
-0.06476074888498895	-0.0335872851266326	-0.07380063103781663	0.06189813842531641	-0.031052669463341315	
0.08802149646667343	0.016402835989416012	0.07576639688236883	0.06894688907844437	0.08107846374172986	
-0.00802394683663861	0.009269363204074649	0.05972071823040789	-0.042856229653170486	-0.0019492954760144537	
0.019822061529175677	-0.09689334488983287	0.018696281639327433	-0.013264730202108346	0.061472105776968294	
-0.03695103938092541	0.07857774170503026	0.015571443056907094	-0.06319795967450699	0.05758584676510087	
-0.019158252389703295	-0.07871858231520351	-0.06937192936949031	-0.009557301062045252	0.06551826398167167	
-0.08281299192839785	0.0911592761470017	-0.003045874942546375	0.11211461940936983	0.02774051657766005	
0.0657691615961386	0.014942300941620454	0.025615239661470085	-0.042884743660861216	0.017366668131216595	
0.050004352740532	0.07166276728580848	0.05101643769353603	0.03961144968946059	0.07289588601091998	
-0.10269772314435643	0.05019920276068878	-0.09533156601208723	-0.09271013964871307	-0.0460446329239848	
-0.026774389895166065	-0.034810329702509274	0.015490125027820262	-0.021059297087102365	0.09202276467558813	
0.056935232177077674	-0.06570598537820552	0.013404593465977757	-0.00972436426271843	0.06809032027645492	
0.08450815221361754	0.07863696429534289	0.04374978618210158	-0.037208045760030145	-0.04594754475797487	
0.07097958853948047	0.0055429292617493325	0.06043221680091962	0.014497703438321269	0.04662850505750221	
0.018763671264529994	0.05044897573602875	0.03366988085972222	0.007789059240476173	-0.02539496080782959	
-0.12291552064708519	-0.015300464772308323	-0.13172980238939014	0.058435013137952	-0.07875292888592136	
0.1026033109786688	0.06541204566919194	0.0889425884520539	0.053809666532058896	-0.05120660184628059	
-0.006623995447338743	-0.03096558976895701	-0.05499200843718308	0.018502373753159357	-0.03754603245961661	
0.0970322747705821	0.07859280226613488	-0.03010791268037895	-0.06431831605205715	-0.05564828251837796	
-0.03620737570558506	0.05505298869448687	-0.10774714513710329	-0.09196009527995512	0.05369323075936348	
-0.01683025634649453	0.023337013431047243	-0.05326677215214999	-0.07960654811484053	0.00317140339370596	
-0.004571802590043528	-0.06946567118136736	0.024361246348083093	0.00880202376278763	0.030827469394148876	
-0.07755504362130188	0.05176432808505075	-0.06376366147948273	-0.002654353214400235	0.0543786585744318	
-0.07415886051142327	-0.0405474711183904	0.10264886687639337	0.09054830930281087	0.016250678003650328	
0.07332165483330261	0.08996119827072532	0.06528139952586828	0.07082308876730775	-0.08025131963593034	
0.051777822028284355	0.03514975610221216	0.05203459477607986	0.08209505099935245	-0.08353432906136789	
0.06283611417223606	0.043255295784040214	-0.02649310938945839	-0.03642239689926554	0.037101164070051186	
-0.06011143669452393	0.0665591439956524	-0.04757122537071552	0.0251025576848872	0.08515635489866782	
-0.03995033209321999	-0.07139883434838012	0.08026168726985478	0.00831187577747465	0.09494807417101644	
0.02073346143122178	0.10037265410808552	0.0009167772917854455	-0.0013688178407385665	-0.07541755240871519	
-0.025558743909675528	-0.09570848824837554	-0.062198044758465326	0.052525029904391125	-0.09253921145790386	
-0.02669138055125113	0.07246925056760883	0.03853554350147087	0.03818842841323372	-0.062272639808937824	
-0.017259623220792927	0.017689569516983996	0.09073436469233441	-0.0648775407527748	-0.05262228419220205	
-0.05891928969506277	0.05269252416528794	-0.022639188852426828	-0.0999819307924854	-0.0029888318221113703	
-0.05760796707126481	0.05972084895204205	-0.040533723698545555	-0.09447879760909927	0.018686489892924207	
0.048084513691223796	-0.019162094955476407	0.023378867032412137	-0.017925300790853013	0.0002654877718198436	
0.10899346730568117	0.05659962464051918	-0.07189732456698651	0.059235361983964376	-0.0002024073044493361	
0.07786563559615899	-0.05318211685088923	-0.060873342248019775	-0.09551805397030055	-0.019254215641409007	
-0.07355562105761136	0.02507138112370714	0.06730393504006985	0.04486345762847101	0.05520290469868059	
-0.05342285844129863	0.07421162710640834	-0.04103546729650902	0.0430328024241854	0.016512037323714823	
-0.07131539026595102	-0.08432262002901042	-0.09633347141739855	-0.08665500047212871	-0.008283237258313633	
-0.10132329875700337	-0.08865734742652918	0.01966148753305979	-0.0453313601211372	0.039700681853735494	
0.03599679287513989	-0.021154254688831427	0.05480914853813865	0.04114080598532664	0.0799859108885586	
0.0012609625567498147	0.07593609519361899	-0.06536944926907225	0.07528045611194259	-0.06639482646721144	
-0.00029615858334637043	-0.09230918517228852	-0.021482758432549126	-0.1235644306968218	0.08043694159662151	
0.08108040674055561	0.059193388388453866	0.0830548639829575	-0.07088835376832059	-0.06845398602589334	
-0.05973224491467684	0.024828030262778106	0.08105639998816191	0.09518209727875844	0.0418274189849966	
0.04636008182845905	0.0818586409088509	-0.019825253525775827	-0.05002986395499265	-0.06531396584257543	
-0.0761085899332542	0.06252211760656576	-0.07064152531655138	-0.04714050345461987	0.06381783572670616	
-0.037882549641158	0.09648348985858857	-0.04667225956967296	0.006730668994242281	-0.03710659776283008	
0.030892197811992844	-0.014112150509423724	-0.07779762134381374	-0.050965634641161404	0.06615973884299173	
-0.09381019874576986	0.04337573272633782	0.07820379085846779	-0.09454255529650624	0.004410249450502141	
-0.0398720115906807	0.07304040726076147	0.005164147627084913	0.03298713690290014	-0.01153546701100814	
0.07628506788206349	-0.054765039374472434	-0.02247680170663759	0.06867627360879221	-0.010169220913465652	
-0.01480767925621427	0.087613416571632	-0.03836518074858289	-0.06862687087698459	-0.032853823860821994	
0.09406262592670303	0.0852146502884688	0.07943596600745698	0.09183933437659066	-0.051117586244247774	
-0.06539695499595115	-0.05873060640227243	-0.015486614668891157	-0.047688912991032346	0.02821612877734153	
-0.01728271699976773	0.06327030236544282	-0.06297392034619387	0.0403753059512621	-0.05192887503017223	
0.008230003268032846	-0.028658009623796266	-0.09671399440806806	-0.060888921847034316	0.0302489383459323	
0.00816373908492169	0.0013200774335271697	-0.05262706705644819	0.023050435201444248	0.10273771526824545	
0.0633670217583244	0.018874524766195555	0.09519781366618099	0.08031251693386426	0.019121586720529105	
-0.0949333795299137	-0.0809643304758646	-0.08878239293798947	-0.011134327510308831	-0.02544755562583961	
0.17673994072507795	-0.08625628092677891	0.2000312322393838	0.1359948234842677	0.09903118700961275	
0.020059011709365557	0.03520531869934838	-0.012797022735228552	-0.10389744670299242	-0.03207932996152706	
-0.007406752514772132	0.04729157272877755	-0.01359438987211957	-0.014377520827892521	-0.07487709151460613	
-0.16285981966834898	0.06827189019494609	-0.12076714132492856	0.02533280330188083	-0.08474584932545738	
-0.026001220537175844	0.0031185747898897125	0.060819712372097656	-0.001211543585192115	-0.07228275924559767	
-0.015476648095661788	-0.004635439302661752	0.06385639093938547	0.07640541585963366	-0.06516654216801865	
-0.0713660670328315	-0.001963902317874297	0.09270674559258801	-0.0734392017382101	0.044279574063076046	
0.0309391256476431	-0.00860570198097631	0.07481477132122391	0.02234882161735109	-0.10138798040640652	
-0.031221432319239895	0.07858690688062106	0.029544478956660295	0.001340287986629913	0.02351805250376231	
0.015699915957840108	-0.045176044966629574	0.01210599810721176	0.03434595696348405	-0.029514073956718234	
0.01371765104139862	-0.04754093065521627	-0.022856499198475558	-0.09934696934410414	0.03172848773379559	
-0.014452534132784758	0.061539681822441905	-0.02929302746640193	-0.057261352474083774	0.053456901684353325	
-0.04188075375195445	0.04770898214002277	0.043070528865995425	-0.06044738615960783	-0.05913939547093544	
-0.04613106605988164	-0.07561824534078365	0.003845776157483337	-0.07742303138577548	-0.06490378611340317	
0.0349128047526821	0.05995530737947727	-0.08389409457432283	-0.05365953790284159	-0.05847486763923713	
0.1110156719195596	0.03525747068439142	0.046761311400793745	-0.01141032501692076	0.07792801465098631	
0.04122820558493605	0.07142755526008542	0.11174449486868898	0.05017223804421152	-0.052852811349377256	
0.0904124602090949	-0.06691650785938232	-0.06526356123597304	-0.01849081699535294	-0.02105786006486148	
-0.05354310075381052	0.0416712302130145	-0.04061292451626406	0.04613704060003789	0.05765848649810921	
-0.05785352158333586	0.020190849621527993	0.04978567504916728	0.027643742124066673	0.019425460589329813	
-0.04090354286890059	0.04632129424830175	0.08906168799998995	-0.014887721947690613	0.05643636336628108	
-0.08877179206761694	0.06705432049799318	-0.06154999663557046	-0.02098062622200536	-0.03998379081492871	
-0.08397927123879015	0.08092620058724859	-0.02596916448925235	0.006139487695227902	-0.0011767468207349863	
-0.09395201559986013	-0.053992970277035965	-0.11020901855935562	-0.019437851176832027	-0.056001929243817354	
-0.08920682364020567	-0.06287344398453615	-0.02367714557733686	-0.1449473509612183	0.07095806710754651	
-0.06456776711231654	0.014481022486929868	-0.09103093308218238	0.05742325793116684	-0.0620788104363407	
0.005580795681625325	0.04801550863181431	-0.07001370301654881	0.010217434837394346	-0.05667655833424412	
0.019379895252295293	0.0521974829093711	-0.10406641451897518	0.03978031424921879	-0.10918412811547538	
0.03146882681488934	0.02129263738462877	-0.07112242238182383	0.011565520556521193	0.027330189228828673	
0.08859860096968977	-0.04224380065341456	-0.1098297443971222	0.07790710200968178	0.06811807748932018	
0.10557294734188583	-0.011743278694526679	0.126517664201549	0.11864101265016155	0.006622454741063261	
0.03573519277762779	0.05452091729873448	0.0003201041805857694	-0.037789618683394144	0.03222901515678085	
-0.09235675700538382	0.0530194685352024	0.08844206469156873	-0.04491188066675119	-0.07315092850805285	
-0.042597082181637845	-0.04272404560476901	0.09520451020898392	0.020490686168617978	-0.0374327948412747	
-0.02681323451556113	-0.05314271146807529	0.08196886514282299	0.011167726652377127	0.010825278803924266	
-0.011176578596677117	0.06562707214630242	-0.014730369152753872	-0.030860235764899532	0.034994320961821035	
-0.05852377731097321	-0.006091217143562668	-0.04059116556343016	0.02253452089227312	0.07425762952503277	
-0.016700775192482576	0.05826403851892211	-0.01622020119345952	0.025022469846166403	-0.07629768712113023	
-0.013403698606470366	0.08186239773098733	0.021095800206186927	0.053354917447420436	0.0009401216191788631	
-0.056557454266394976	0.08222614282542999	-0.1562426667779831	-0.04399618826269292	0.06462233235688505	
0.003572009634464385	-0.061106838094423105	0.06958787848869524	-0.04967217152882944	0.040145207296507585	
-0.0007647643807396712	0.09257491676912374	0.011414473698531043	0.054574371080427946	-0.10329214695776924	
0.11865046981853025	-0.08945822280862831	-0.008355756136925548	0.10973606665921187	-0.08973528222051019	
0.08692261959305934	0.06663596766422132	0.017478903307388268	-0.02609807796793806	0.06937593972791417	
-0.010687004046103246	-0.07141057465468825	0.07552635498261392	0.07118450974068456	-0.004501692195990193	
0.09232708940568894	-0.021426952419875175	0.06380057737348395	0.0008189476430519225	0.00953530784557818	
-0.06208965943321454	0.09299778482218277	-0.041156862351149064	-0.07930808877671974	-0.07113691995419039	
-0.07400990346296812	0.03749797635150489	0.0422407712441374	0.08242366388293253	0.01066619577431816	
0.009475711649556044	0.05068531605824418	-0.006946744393078682	-0.06721707935423704	0.010295562782877363	
-0.06404114046140513	-0.035636007322419214	-0.0654790759760415	-0.01827255499734752	-0.05171625040688024	
-0.018615601174128416	0.09504446848746242	-0.035936134835593755	0.09649818899497906	0.027261225171196724	
-0.024981796321217803	0.07149689981671933	0.02391734787371476	-0.04959338397383213	0.05857113559537752	
0.0014986039908141714	-0.03245896493953739	-0.014053710538079847	0.05455544481741803	-0.040387962803905095	
0.036062431763853785	-0.0355463337631376	-0.01189769285658349	-0.025188806248539287	0.06858749318134001	
0.10490646324866565	-0.06977390220527908	0.05188322749926935	0.10731839559496974	0.00028999071777925043	
0.10515611968196573	-0.04920295878371136	0.04898457597887966	0.05699632952122191	-0.04588195602466234	
-0.08668543318180702	-0.019183621394433765	0.10135790423180968	-0.020779800707005913	0.06026330147319184	
-0.06505273743451852	-0.031609432739509516	-0.07108045583238065	0.043354162829275206	0.03986152473936283	
0.04813862986556008	-0.05183746484591341	0.05200875914831021	-0.04401239816571719	-0.010741835788921664	
-0.014930602915387831	-0.03153236251148925	-0.07490387309034878	0.03713601597934316	0.045820561703959276	
0.033379072130311035	0.02703404401613553	-0.052360802424926224	-0.05937854261407756	0.007217550598430869	
0.08547027681156258	-0.06573633110458589	0.006027197353803869	-0.003646655533495893	0.0037671964897225295	
-0.05708586905600481	-0.03406840317740542	-0.03408933615453914	0.07963719711124566	0.0644044932632171	
-0.010425422111352037	0.020285029373692157	-0.06544779836846654	0.006220604929447979	-0.03891604118801788	
0.09314881188715102	0.028307647310159924	0.05513361691188534	-0.05260897942969222	0.0036910233082507577	
0.09731455591737631	0.08965983481453302	0.029017128052088725	-0.06965502579360527	0.027825369743981004	
-0.01590356032843463	0.001055670704170594	-0.052982013537897284	-0.01064308918726409	0.05807036305788514	
0.04159569277043265	0.017719837953293564	0.07435404085900171	-0.09530508022238883	0.0948515500409858	
-0.0786273350856043	-0.06274887340438191	-0.0016382269670842764	-0.06771164948364286	0.029116332426432794	
-0.07967453258903175	-0.045672173751798724	-0.07419505859224348	0.05154013665717389	0.03806794552997863	
-0.013809675697383075	-0.064868941740074	0.06293730894527637	-0.021381272119222985	0.06338120473030481	
0.00823022661582742	0.0025854809886874776	-0.08077958152063577	0.03963188646725569	-0.025493755948693426	
-0.24811959036067785	0.03322611527362581	-0.2593956726789874	-0.20496615951428815	0.021287653552227375	
0.017995172437638433	0.044058665888326805	0.0683822581936071	0.12302815199269891	-0.010410350742705824	
-0.05793759683076648	0.08256591834541821	-0.08672422943812734	0.07953155886688118	0.014226358735491771	
-0.4501607069148816	0.2374034242859227	-0.5948393607210891	-0.49885176684428406	-0.0010955268829249505	
0.007461277108991589	
