            A        R        N        D        C        Q        E        G        H        I        L        K        M        F        P        S        T        W        Y        V
 1 A  -0.1827  -0.1103  -0.0073   0.0619   0.0292  -0.0455   0.1425  -0.1291   0.0815   0.0207  -0.0665  -0.1856   0.1683   0.0458  -0.2564  -0.0258   0.0779    0.027   0.1068  -0.1052
 2 A   0.1879  -0.3199    0.062   0.0348  -0.1207  -0.1296  -0.0751  -0.0593   0.0458   0.1126   0.0681  -0.3203   0.0321   0.0432   0.2135   0.0904   0.2342  -0.0346   0.0445   0.2035
 3 A   0.0777  -0.1205   0.0695  -0.1582   0.0308  -0.0667  -0.0505  -0.1327   0.0234   0.0997  -0.1056  -0.0873   0.0973   0.1753  -0.1448    0.049    0.047  -0.0619   0.1338   0.0183
 4 A   0.0348  -0.0715   0.0258   -0.022  -0.0061   0.0278  -0.0264   0.0263  -0.0052   0.0017  -0.0598  -0.0277   0.0326   0.0313   0.0496   0.0529  -0.0105   0.1129    0.012  -0.0104
 5 A   0.0409   0.0183   0.0727  -0.0139  -0.0177   0.0169  -0.0293  -0.0725  -0.0075   0.1314   0.0262   -0.115    0.063   0.1364    -0.06   0.0296   0.0342  -0.0545   0.0617   0.0991
 6 A    0.088   0.0482    0.046   0.0061   0.0799    0.011   0.0288  -0.0364    0.015    0.017   0.0168   0.0215   0.0793   0.0415  -0.0312  -0.0201   0.0432  -0.0234  -0.0494   0.0236
 7 A   0.0449  -0.0862   0.0059  -0.0418   0.0492  -0.0556  -0.0079   0.0104   0.0415  -0.0383   0.0022  -0.1101   0.0384   0.0498  -0.0212    0.033   0.0188   0.0344   0.0229   0.0454
 8 A   -0.112   0.0036   0.0119  -0.1343  -0.0907   0.0135   0.0342   0.0197   0.0086  -0.0374   0.0392   0.0334   0.0367   0.1068  -0.0795   0.0005  -0.0407    -0.06   0.0184  -0.0177
 9 A  -0.0089   0.4446   0.0217   0.0595  -0.4011  -0.0871  -0.0778  -0.0025  -0.0106  -0.1709  -0.1054   0.3442   -0.017   0.0223   0.0092   0.0444  -0.1092   0.0385   0.1232  -0.1666
