TESTRUNID EPOCH: 99 L_PCC: 0.9165827134069322 L_ERR: 0.009088189564380431 T_PCC: 0.7828458750698291 T_ERR: 0.020736030232158226
180 LAYER: 1
5 LAYER: 2
1 LAYER: 3
99 :ILEARN
0.053390177160530766	0.01702984856525712	0.007655168056542861	-0.0012089823902109477	0.06508399775660773	
-0.014363116375007381	-0.103254303262471	0.07527492797707895	0.013748656737963924	0.15228737191700498	
0.05174798255073929	-0.0048550887668128125	0.04707900690682511	0.11272327307553742	0.04992185709793706	
0.14521336757743206	-0.104821369028025	0.1913654676667855	-0.022999822537334624	0.20197475561376296	
0.0303084923026325	0.11599253748471	-0.0785102265286036	0.024936933627821845	0.005651198905369588	
0.28061531320129696	-0.22051370577635895	0.22622021434980633	0.032433055884185914	0.5206130491765453	
-0.027521974886831474	-0.05880235217908282	0.17747488430803895	0.03205486720359821	0.1557320640715486	
0.06581378326872615	-0.034068963459170216	0.23296049783612188	-0.04738722184198476	0.2791059161481086	
0.12143308404592949	0.04962892527383886	0.012720030557347307	0.07479410792129211	0.005825521830423854	
0.02006196966055477	0.059336497758200275	0.03816131955744205	-0.03694800561843203	0.0798663090529119	
-0.3415665578977058	0.16881132363119888	-0.41357431533538874	-0.20390353799858432	-0.4694506521815276	
-0.05225912062613278	-0.0005782021147616976	-0.009888189176612053	0.037992949909928665	0.11858488136510065	
-0.3723451677703996	0.1993857643345523	-0.4145349340749428	-0.18459481671398525	-0.665358187547697	
-0.3204055254601675	0.26038801053307864	-0.4685884718673246	-0.12041127925881362	-0.6014777844030096	
0.09692487432015122	-0.08601936939592944	-0.04684511530655951	0.06886634569487829	0.017925941320497733	
0.08792499692952005	0.013427711357179661	0.20851363736733405	0.13362802612740218	0.3497016636396192	
0.12490640501622297	-0.012407294897459112	0.12573709281938525	-0.007620667023653767	0.0669007215141253	
0.04072864125858933	0.011850025524942553	0.04203331381910744	0.015175698224533475	-0.048572395914181006	
-0.05532962031443138	0.08057537507701035	0.022867565864515577	0.027629379150107363	0.026211431531078334	
-0.04486426657484193	0.09240824649826011	0.04556096052908974	-0.09943388979244792	0.08981442146381838	
-0.09189434208538619	0.05317810070527402	-0.01801548238869667	-0.06280986257179803	-0.028829048843375633	
0.024672023158360548	-0.09683575143068875	0.08588744674875226	0.03817938350338479	0.0994645700902961	
-0.04915221445010715	-0.08538929786156639	0.11330828975348653	0.047231758345540414	-0.048121449659284034	
0.06766786805547718	0.03824106567601061	0.11117593966716578	0.05009369696236539	-0.036726414636375056	
-0.09602397323204089	-0.09475780262445616	-0.09433870239584108	-0.050757786479390825	0.07200558973657761	
0.02444744460908293	-0.002292992694701464	0.09528269952816143	-0.0673387177845939	-0.0051101332898929675	
0.01715185429165758	0.09391914966393491	0.01220604385114199	-0.0962705421254114	0.060126534536123266	
-0.05340514523179592	0.06142103912375582	-0.022427871187165646	0.07270837091188573	0.04942432854743692	
0.011248046798083777	-0.072708954867863	-0.08801646209755767	-0.07573130885185253	-0.09108962429104767	
-0.05498675773005883	-0.06854329963468607	0.08217395917779635	0.024909105575149276	-0.04057892710781391	
0.149979360110724	-0.02073254515559339	0.38030079643795117	0.06838519164983967	0.4476858060268379	
0.09030874889296375	-0.08890829832582609	0.08102555785772173	0.11405115470333611	0.16205656675994115	
-0.028147455548251203	-0.02388224007722229	0.06593322896621533	0.07710232488500011	-0.014940049340937341	
-0.02780246335303458	-0.12707243866678725	0.105980053332188	0.05663754356041399	0.16183587955738296	
-0.613958223355401	0.47800791387928143	-0.7182638735916735	-0.4281913368773656	-0.8636763553312182	
0.1057900177769715	0.004025366644074656	0.04192972631853757	-0.056005378855264534	0.09277855583055744	
0.12150486011719325	-0.11302354162060856	0.2003693170932781	-0.03616683616192376	0.16456437047359596	
0.060950912748669095	-0.06131314347533445	0.02789217617598802	0.004934061824746733	0.08496159407987014	
-0.047340645902577805	-0.08680778186319525	0.047013192657733904	0.05443560590864935	0.0815631705007048	
0.2053991981099347	-0.16452019161894504	0.1329211937709069	0.08442089222398276	0.33668680572137927	
-0.02616631151869324	0.0753439350470221	-0.07410956414017435	-0.032206071032025836	-0.20156266780767726	
0.06415823789787307	-0.029910771656893913	0.11501340312534086	0.11537283106530341	0.2412527934438649	
-0.03517244086261365	0.09843348600789886	-0.07841641296660144	-0.08396831725819606	-0.08728785775184181	
0.12794919294512208	-0.19668703399065077	0.2934484736562352	0.12360828740858971	0.21104099070241167	
-0.13577668699431755	0.03477276356668049	-0.2073825757594406	0.020748410252059996	-0.21377741263616565	
0.19784260749913332	-0.07988979365286114	0.25953329340420983	0.11751371381687661	0.31814102382209386	
0.19860606068740047	-0.12833890446450458	0.387049915540525	0.06047494931958185	0.4459466334868134	
0.029700898421767746	-0.11051062178729043	0.036679209351431395	-0.011030346004646691	0.08896755156881492	
-0.02547086523411511	0.06520036820955145	0.034821254631270386	-0.05772340849083083	0.08911526197408066	
-0.043261721388731245	-0.027971792149249376	-0.11090755388450857	-0.005678851409946999	-0.046375735998231256	
-0.062379068999256625	0.10517327516533839	0.04115061537625348	0.11026456764985709	0.08134442088456532	
0.16753421420068995	-0.06625494617754964	0.18988079616143536	0.005402626830933939	0.25343064039380353	
0.030789483758337937	0.0885829311268582	0.027094692166335088	0.03035071374945995	0.05483346740707294	
-0.028985983743675288	0.061728978695560675	-0.0016511741042351143	-0.024004898278488628	-0.02775946240689305	
0.008769986234521607	-0.05990403271501404	0.061893079782706854	0.002535124412505799	0.1664518302550561	
0.06597706183092306	-0.07960051973690126	0.05410034561899523	-0.02781208264441326	0.15569694478124985	
0.03466105092693298	0.10197941953737388	-0.016795554039930223	-0.07700524811372686	-0.09736255405753969	
-0.05244882863150662	0.10365161142971054	-0.13450873094781568	-0.04875633579039758	-0.2028884066354951	
-0.14981395973456454	0.1785538233355501	-0.1800705820770612	-0.09093304051696603	-0.26380170250975443	
-0.1387090933034244	0.032800421683154744	-0.12759787555227833	0.040029250232208685	-0.11468050196403125	
0.0400103264327261	0.10814791205342775	0.01539837324436384	-0.004480783445819097	-0.09100811388588197	
-0.07452091577022485	0.05774587582195757	-0.13011364037788803	-0.04052591920540846	-0.14662273995434955	
0.09934973107191573	0.056386000738515574	-0.002042140035087829	-0.07620849298133196	0.03486186769146013	
0.054445982697320115	0.02250059175775921	0.031063586398482647	-0.0271373365764752	0.18890700544957448	
0.01573860177813947	-0.0054489166382338545	0.0022075048047715254	-0.0718065768061851	0.0780426396620538	
-0.020673027507869344	-0.05194722907342218	-0.020619149514183588	-0.0074967351553815315	-0.01830084667504525	
-0.06194115848445267	0.05359858548308328	-0.054350243622038434	-0.004574707802382148	0.06753876389192955	
-0.056930375903491974	-0.05350194355309959	0.1423402084678007	0.08697344131208876	0.11638852692359605	
0.10064355327809071	0.07037096639348521	0.11008705640443155	0.08394604324473953	-0.014165309129213991	
0.01671710256781156	0.04100353399209047	0.004247627807266328	0.05284943156512753	-0.08584243998562639	
-0.14764230255945343	0.16740657014946508	-0.3105953030798974	-0.15700014776533322	-0.30563463148114045	
0.058829579826873826	0.011313286232262758	0.139367774212646	0.10524383767610851	0.2811336971582314	
-0.03825520369240579	-0.06884743406281008	0.07998510709885243	0.010588314481583112	0.08846379249104229	
0.08741362117749184	0.047761708403702974	0.11698058223850871	0.027749716697239607	0.10300953698115328	
0.038727786250062124	-0.13272022571856956	0.05212511741748307	0.07490343925016259	0.05538409998194224	
0.01103658091817955	0.03439404457445197	0.11634250796555143	0.05016356166176349	0.06029401928754146	
0.037521864068681306	-0.007498823903222154	0.17969031369948935	-0.03293629928672353	0.06422067238623844	
-0.08887310864989924	0.08400573506207916	-0.06483219748801965	-0.11176588787012703	-0.06909702894793333	
-0.06708816910468407	0.06271045450578694	-0.05661567998634262	-0.10218977643691075	0.010583071598106	
0.03615311653004958	0.005111377104581049	-0.00015669491646977472	-0.015825634136840516	-0.06216545894091856	
0.1822686230024602	-0.02540539856966522	0.0461295982771037	0.07736169078097466	0.2165650802626748	
-0.025094658233367154	0.031758671762286306	-0.2031040506767514	-0.13992324867281627	-0.20942989023508604	
0.04128903004681228	-0.04168179365602617	0.2516223769519683	0.09947389301280339	0.297741942285971	
0.013025363543416822	0.024198424632694594	0.06208261041763712	0.08648881702883982	0.1302644488404877	
-0.09366651064975184	-0.07729981732644099	-0.11440717006574505	-0.09791175974695644	-0.0283637943636861	
0.06723891336224054	-0.1918407299805654	0.2853484931475529	0.04886836134686847	0.38382391150494594	
0.21050055724937877	-0.13509783958477564	0.34073113496273144	0.10850596904815099	0.5238134125417352	
-0.032106647241638434	0.06883324509001457	-0.11743753876666385	0.037307059062712526	-0.0445660380619212	
-0.003047740433850995	-0.07941461182005488	-0.02680068573189623	-0.11425101978434163	0.035782594840441044	
-0.0020724301041347253	0.11075592311717457	-0.020847192507245465	-0.1152128757735171	-0.1785902631964812	
-0.13228544818029167	0.10273469792212885	-0.04107303602697233	0.04819873364659121	-0.119639952576472	
-0.0010337445409616436	0.12817093583808956	-0.08893704851540404	-0.07716971842816826	-0.14072003165802802	
-0.14599903833337505	0.11417579622008521	-0.1874533637587607	-0.08404624203912041	-0.10050749603546291	
-0.025463951086857756	0.091295116344985	-0.00748272985645666	0.01042069358051726	0.029797707064505203	
0.005841123874641064	0.052798570900258045	-0.08379043983915836	-0.07476809907752986	-0.033495737962957524	
-0.0721967744986051	0.028377897405798866	0.11858757708975605	-0.08839864794015602	0.06363040620534698	
-0.08475432655838681	0.104758690920027	-0.07015804260836662	-0.0013611367188979633	-0.12629736020659854	
-0.0011117911567843925	-0.02379619712235255	-0.13988237535792003	0.00039008387937870944	-0.0972331833842785	
0.11519471223674513	0.013893615460854603	0.15947627824756783	0.005519275055237236	0.208433875494549	
0.00046591551616899466	0.15794148966641802	-0.03395754431985651	0.041569120650530096	-0.17810204754098005	
-0.12829371098276726	-0.030240663942626873	-0.09596404955697385	-0.10064468090793355	-0.050304898572167765	
-0.05134466078782697	0.09203343851264235	-0.11246004174712856	0.024662622856349545	-0.11613115824192922	
0.05523878838792317	-0.058179677242838894	-0.016051548480760947	-0.033910536546948776	0.1306692937136677	
0.05402834598166385	-0.02699750107818052	0.0228371306392005	0.04125719341791758	0.2136112426066056	
0.04299605836045335	0.03373868925981422	0.06564799707522657	0.07103410936853485	-0.02960177534853719	
-0.011109519093115638	-0.11248982758847174	0.08142447939687461	-0.00699606247432941	0.21710771220935854	
0.12316368117893209	-0.07119097467118402	0.13508477551743361	0.07078980591051132	0.11270785050638807	
-0.054472017302220024	0.06573738122788467	-0.09529983522959615	-0.14432968307513203	-0.12374305214568616	
-0.023172982129831134	0.0591692258654947	-0.0374305332089823	-0.020038798984027866	-0.11565847312964637	
0.0037483568593467253	0.01696360241470543	0.12753599363386228	0.1474050276936279	0.14351397957794784	
-0.10717646572692029	0.038534244487760466	-0.034460884205721666	-0.060792724736822505	-0.11543244281312864	
-0.06897641573360047	0.025049121140296365	-0.01066727187345459	0.035111640994662456	-0.14930932082816858	
-0.025123211421090554	-0.013299630182845922	0.14857007883731868	-0.07007161437203073	0.15301417290820035	
-0.09904889122152125	0.07486680318595296	-0.09416323422895337	-0.05267268480420523	-0.32128930860180505	
-0.0068644753709521745	0.07849398756601773	0.057494086888771896	0.028659639301815667	0.01924036358717671	
-0.04257628610431989	-0.0004502883125321146	-0.07734063918596214	-0.007509175908336178	-0.1290574009216007	
0.20271657670993573	-0.13480680979746432	0.2552975189671622	0.026330126746546757	0.3353397588143892	
-0.04156946816817062	0.07818032398676487	-0.07188475577762836	-0.06938351933341881	-0.0031331644556248164	
0.039964336403093756	-0.020050509836768298	0.17576653453535301	-0.018045852649316563	0.12413484339232543	
-0.03330043580737214	-0.09031179583037453	0.028893143136718525	-0.08310989889497983	0.030726309814623723	
0.020796846202332256	0.07040322787625133	-0.10534434728990573	-0.0668980525730173	-0.08632545945577792	
0.16771377482398803	-0.007922641986324546	0.15279186649744633	0.0022887636802929223	0.2634104012949023	
-0.17920244496116017	0.2077302646054701	-0.2019168547113415	-0.08989026743571647	-0.38182209946919243	
0.036349326077858374	-0.04950415940547719	-0.11331633919803497	-0.046510459539762405	-0.03291386642934154	
-0.09439518108556583	0.06770371911553154	-0.09552928830624517	0.014299132263834469	-0.008752199420207642	
0.10803440656505281	-0.07648784661754535	0.3092110446932135	0.11085004292475305	0.366117920284862	
-0.025802125273745233	0.018044426155905093	0.12022171589598792	-0.012947853459755998	0.1127880443451688	
-0.04280278649714449	0.034071766121101105	0.0113200955308352	0.002867005099487382	0.05729013413007741	
-0.10917130767236609	0.09155505207460586	-0.05440766645069414	-0.009598240270108548	-0.027969502048809637	
-0.04148793551216145	-0.08182460308703458	-0.020969365862540782	0.022004221884386374	0.05384740499425861	
0.05751719240210904	-0.1319892156527751	0.1909138149123059	-0.05581424505625987	0.3057240454874538	
-0.046178939639914054	0.008160825649376301	-0.06382490081238745	0.06587968989985056	-0.03639261347869669	
0.08895723367776509	-0.013561514714850212	0.0650140904992899	0.04718139318712843	0.13655969155892275	
0.0471847148586889	0.06150127239163417	-0.06741560480311444	0.06642199383327471	-0.11836553778463352	
0.0169884382374148	0.0624749506929675	-0.1002808111572933	0.020307413561439537	-0.08454559354225832	
0.1519691115026251	-0.09122757932436988	-0.008729760310732786	0.11252693573855205	0.20320359049951914	
0.20041668546005367	-0.08039668934268114	0.28523239693041563	0.13503743745936453	0.30088490891729525	
-0.031170890230724703	0.11184385735891572	-0.09708435436678799	-0.06390900906928401	-0.125402712999789	
-0.26134967732557474	0.18587268961319323	-0.17618957683531256	-0.1490885832725435	-0.3927031264860614	
-0.12187217387978463	0.01710021647685087	0.013629801690790021	-0.06005003069371515	-0.10045932895336888	
-0.23667885586939225	0.09408105722605964	-0.2526634634412601	-0.14187261879070784	-0.355075507892403	
0.055376305828155795	0.032888031675403266	0.10079573005290451	0.004156945747188189	0.19543804764776412	
0.012927750680964889	-0.04996125461927386	0.07078818954233605	0.05407208046109846	0.22711489487782063	
0.07869945366744369	-0.015045943217701262	0.13501408031836862	0.07150472746346537	0.13500582473161316	
0.020956119359364072	0.054450103826683555	0.07532309320792194	0.0687888785016146	0.07703277042059431	
-0.04652097946854467	0.10232361610003173	-0.13796033609442904	-0.011047832100683457	0.004371011016737748	
0.10122325275303927	-0.10186588490981008	0.2208835769910953	0.006494666127531801	0.22526378528920515	
-0.004540042659175878	0.09630635513191885	0.020216706845255318	0.057275762530235405	-0.09743277014117516	
0.05745833817442793	-0.058124522406816606	-0.08160386829375957	0.06458799490244459	-0.12658701035332	
0.02266233010677919	0.07554336333587178	-0.05432008567919319	-0.0880286839933467	0.08635586757854866	
-0.07550597002717167	0.009358004783543223	-0.03245895178293917	0.0499843324245163	-0.16655369640777598	
0.046402738087564364	-0.00859616352643043	0.010953119124467763	-0.031692056504113025	-0.02460831594220914	
-0.07334354792744235	0.09395430215882651	-0.04612608893862253	-0.0854933126197225	-0.07219999589188858	
0.023961133525971734	-0.02030419084356516	0.20212235407287965	0.12152405041922669	0.25195886482748675	
-0.07507226434942946	0.16165561317836905	-0.10734702138833078	-0.11529021250526489	-0.18499159551374303	
-0.05908317242576151	-0.046325279935833026	-0.04430588096604398	-0.030247795764224567	-0.03425160213063066	
-0.0538348126889902	0.12137833723132012	-0.08114558343002704	0.07142865124396769	-0.03843108535814756	
-0.04207848638281241	0.07290971404105875	0.002433610503372013	-0.06028812807875366	0.03912100292633863	
0.12028701779309789	-0.13018422643021382	0.17877425288368506	0.10394875684365862	0.25452416328456945	
0.12316778038686216	-0.078095074887	0.10877472594410788	0.027213215342676757	0.2024943547966138	
-0.31292732179701177	0.23548127883344014	-0.5515866086923082	-0.1320052319621362	-0.7807496517708106	
0.14746090059037123	-0.07448498298896128	0.11923707329054853	0.07043708014310068	0.07596382173208827	
-0.09724649748845665	-0.016655207525860777	0.0876963783713468	-0.03139437803391869	0.055948859096520004	
-0.06505273743451852	-0.031609432739509516	-0.07108045583238065	0.043354162829275206	0.03986152473936283	
0.026263413739654094	-0.04527021169658032	0.022102583746690697	-0.06188556489099241	-0.0369351740060256	
-0.025615575666462553	-0.02893841767597556	-0.08846903855174873	0.02632932537318794	0.04146332053633989	
0.022717738900567122	0.0296625512326249	-0.06601185715654845	-0.07011064021222752	0.00283500870517657	
0.07506654527090781	-0.0632093116905556	-0.007432176258348022	-0.014213533194019412	-0.0005421628160967307	
-0.06769784590279762	-0.031511871773037894	-0.04762391917929596	0.0689053886458958	0.06006644915528034	
-0.2132254409783534	0.10841834893553151	-0.3199040059183477	-0.14024733491190383	-0.3340004376595733	
0.32160158871705175	-0.08454726551133467	0.41376879787153453	0.04555108060036943	0.5656932925149184	
0.33079335797006393	-0.0394738791211013	0.39162790822160864	0.05281986730716281	0.5106643160293034	
0.149156247919554	-0.09578558522980629	0.20503781604635526	0.08513075813816856	0.37558583761017256	
0.20820369057024585	-0.09383500426473086	0.32435457175011917	-0.015875047364487017	0.44322734558401	
-0.0894010914664021	-0.06010089077228773	-0.015449467671087819	-0.07849822476296647	0.02473408219954036	
-0.09040148719022655	-0.043075223798611575	-0.08779266377606579	0.04070386622101624	0.03369123351789641	
-0.13458152214038668	0.02064838427828013	-0.09476147048047195	-0.08945744172784145	-0.14204429222958198	
0.060922843941427524	-0.0546953598920684	-0.0026159300581057136	0.05567553656281115	0.13527108090371634	
0.0631340058298891	-0.08834569599662276	0.16874309517649067	0.04797318309840942	0.3511526924087901	
-0.25783001030151015	0.2127364373968984	-0.3038998659642663	-0.06306344267777242	-0.4398758257838943	
0.028382943646553044	0.10027671768110671	0.20600333749116634	0.02488673973578193	0.5697655575199141	
-1.225932343906714	1.4352366874256028	-1.9719086059519129	-0.45927066081151413	-2.9113948731017185	
1.1551333545191607	
