            A        R        N        D        C        Q        E        G        H        I        L        K        M        F        P        S        T        W        Y        V
 1 A   0.0157   -0.003  -0.0695  -0.1842  -0.1061  -0.0407  -0.1061   0.0118  -0.0029   0.0331  -0.0127   0.0042    0.195   0.1034  -0.1349   0.0114  -0.0625   0.0018   0.1634  -0.0269
 2 A   0.0066  -0.0324  -0.1444  -0.0486  -0.1545   0.0876   0.0286  -0.0646  -0.0487   0.1485   0.2981   0.0398   0.2616  -0.0149  -0.0483   0.0101   0.0479   0.0153   0.0281   0.0404
 3 A   0.0334  -0.1475   0.0036   0.0324  -0.0743  -0.0246  -0.1318  -0.0275  -0.0457   0.0832   0.0947  -0.1247    0.132   0.1392  -0.0327   0.0353  -0.0146   0.0371   0.0511   0.0182
 4 A   0.0029  -0.0408   0.0233   0.0943   0.0413  -0.0062   0.0853   0.0006  -0.0086    0.028  -0.0498  -0.0234   0.0423  -0.0237   0.0308  -0.0133   0.0422   0.0306   0.0871   -0.032
 5 A    0.005  -0.0545   0.0438   0.0738    0.094  -0.0899   0.0288  -0.0023   0.0023   0.1045  -0.0098  -0.0306   0.0134   0.0598  -0.0596   0.0145  -0.0113   0.1514   0.1208   0.0492
 6 A  -0.0232  -0.0867   0.1112  -0.0515   0.0618     0.01    0.009  -0.0241   0.0418   0.1204   0.0205  -0.0163   0.1038   0.0819  -0.0229    0.068   0.0832  -0.0434   0.0321    0.073
 7 A   0.0125  -0.1325  -0.0093  -0.0349  -0.0526  -0.0115   0.0429  -0.0662   0.0151   0.0662  -0.0156  -0.1356   0.0545   0.1321   0.0337   0.0178    0.043   0.0948   0.0659   0.0585
 8 A    -0.06   0.0222  -0.0073  -0.1126   0.0072  -0.0125  -0.0031    0.003  -0.0786   0.0003   0.0259  -0.0313   -0.057   0.0517   0.0394   0.0035   0.0175    0.089   0.0669  -0.0668
 9 A   0.0697  -0.0469  -0.1528  -0.0085  -0.1509   0.0021   0.0335  -0.0395   0.0601   0.1826   0.1868  -0.0899   0.0585   -0.082  -0.0203  -0.0472  -0.0196   -0.055  -0.0447   0.2577
