TESTRUNID EPOCH: 65 L_PCC: 0.849656872626686 L_ERR: 0.011865508408666821 T_PCC: 0.8052389611837629 T_ERR: 0.015214327678269331
180 LAYER: 1
5 LAYER: 2
1 LAYER: 3
65 :ILEARN
-0.29385843932128086	-0.10041701173079289	0.12473932728782204	0.12820954018391398	0.5679837809499989	
-0.2815383283251308	-0.18570796226984415	0.14833691381026823	0.10765386420881248	0.4402377704674306	
0.025752398854755634	0.054435254544839703	-0.11200081361878698	0.03722039850288802	-0.28678813743227166	
0.11810008561693854	0.03585016709169572	-0.08960461714861949	-0.14293096011528822	-0.22455096545470576	
0.11417395938706294	0.12933619153018508	-0.07751848460633338	0.005672773205901129	-0.05845125625674914	
0.10372682694615515	-0.06895834833832959	-0.10294232423884923	-0.0799457731263646	0.006170887184655834	
0.2597664345791637	0.17641513024583452	-0.17985886419967492	-0.2186993253655791	-0.6329102003226655	
-0.2679744027818539	-0.09876937460853913	0.23371816911315424	0.047361876318343044	0.5005018242655158	
0.23394973729641616	0.13161089488713895	-0.15376049090855753	-0.03863912236941005	-0.32495860497830564	
-0.0014464671417977843	0.0962640690942573	-0.05294457814077737	-0.050423990286133875	0.010576292423087637	
-0.15894212612064354	-0.010669015923689849	-0.009832407255871289	-0.0022753571312130374	0.15620272775257432	
-0.35376039617014987	-0.1367778734979867	0.16138217119148981	0.2025647521078294	0.7123540180374187	
0.2654784955607697	0.18129069575833873	-0.2097969697889687	-0.22734289296535903	-0.7355905421355882	
0.1432825877273478	0.11298332780635574	-0.08630718675802707	0.0026019060247319563	-0.2224053361580255	
-0.3694847699724047	-0.34168990176385683	0.24875817693718263	0.3359816671619778	0.9286543344758924	
-0.022322653127498444	0.10570386273346775	-0.056751441352827725	0.008368669061848133	-0.009940059731278102	
0.21811892665897645	0.10115868434840357	-0.05192145852817395	-0.13436816687327488	-0.29608607036417467	
0.09552314918976114	-0.004317512090334243	0.08475597233247784	0.025582462034746505	0.001311713758263915	
0.05906793498513839	0.1706170627748892	-0.10547185437725663	-0.07645347079664525	-0.27103025081486076	
-0.19785531815948285	0.007648802056046902	0.09483623826927973	-0.015396115381317589	0.32328806590290093	
0.20636808583255659	0.1523124310030087	-0.09731331512132882	-0.19717116001242693	-0.35445580570836366	
-0.16052447926781588	-0.2084152573434677	0.20971274478704569	0.1454644979417529	0.47454856474939355	
-0.1362258290044654	-0.12162134065745779	0.13343537157984078	0.07969313606844274	0.05010400487057702	
0.05109261052049327	0.050775237692249287	0.08460490710929666	0.042304951725694345	-0.07514580760556706	
-0.39175229755943647	-0.26851469266324335	0.13027177433725598	0.13646353664403277	0.730296368532842	
-0.29606630145334856	-0.1592106191132622	0.2811145575551338	0.10021553256737288	0.6031966806165937	
0.01715185429165758	0.09391914966393491	0.01220604385114199	-0.0962705421254114	0.060126534536123266	
-0.15608342604592124	-0.0013487632580894237	0.04504430458031428	0.12819838123298458	0.274022266427531	
0.005758600051493538	-0.07568086716435753	-0.08385381370466807	-0.07214800651001241	-0.07948307092855458	
0.03334603554793602	0.023317181706069456	-0.05644416817221553	-0.05934757450027593	-0.23337205470384956	
-0.03469732798707518	0.10916728388077657	0.039101304623000724	-0.05995288177249702	0.08119296670890985	
-0.039429869299324384	-0.11310075862722146	0.07138326865866293	0.1439957784264233	0.24633876213596384	
0.0031713792097180795	0.026074244673052385	0.018638114978842064	0.05452881176653044	-0.08001115261565865	
-0.09955207178036703	-0.09545283317881362	0.03994453134130756	0.045750169090174306	0.11708672527779422	
-0.09861566276306895	0.06307102157922068	0.07774386780381375	0.024181673164535053	0.16824729786213558	
0.13453498405586817	0.0793507796879768	-0.11912481042396439	-0.14553028051106393	-0.25765476854251285	
0.3183305828742552	0.11779178590709158	-0.2505163790540034	-0.32292784789079837	-0.7481176907042631	
0.03660695789533972	-0.07606335771917375	0.03974363058587972	0.016414098286647964	0.12926049858875766	
-0.10305785487273285	-0.12343820446051092	0.08615621094353587	0.09022765972402004	0.1991820910510719	
0.32539704183013857	0.061565459657000755	-0.23337827388983456	-0.16900494895082815	-0.4370527319770909	
0.19060706937937658	0.06963087073534392	-0.006433349275686439	-0.04719256763648157	-0.2567412428313068	
-0.2358321670759962	-0.1085706047748585	0.20226902184750825	0.23757170247476547	0.593447284119741	
0.03376508586433346	0.12761860023658486	-0.10947965465441883	-0.12285326210264964	-0.042475634215159944	
-0.28153802694916996	-0.25897832303050977	0.31772950293354163	0.24681537926531327	0.5307078368882976	
-0.015239088076749388	-0.009265647618933195	-0.10942664004309384	0.030352482486813007	-0.13804087789242336	
-0.0623188868811031	-0.07373843582423996	0.1941424133734651	0.1634770616843389	0.43019972161636283	
-0.1306697552281641	-0.06240088779524026	0.16076496813428962	0.0420264622030213	0.3024199734441105	
-0.15580764749972278	-0.1998580842974431	0.15633343761810697	0.09897487456444376	0.41240202659172204	
0.0004928092118637705	0.09666233264684841	0.0014780742664384978	-0.07720711989732405	-0.03879728511097227	
0.2203872518884785	0.021188582703671882	-0.19032416551155035	-0.11183753584582623	-0.28374757878020335	
-0.20345403018061908	0.05741377292047409	0.0791537226357154	0.17164900873286565	0.3386856642249207	
-0.0010453816453075558	-0.03567635612269698	0.08606417790842898	-0.0003990565356201182	0.15267445738253313	
0.2021056029773777	0.14590399553704675	-0.050247571313101966	-0.03629079760903454	-0.2475743225233517	
0.2737339884156649	0.22255798708492344	-0.2897304306756137	-0.25369450240062263	-0.5893117319016019	
-0.19777327306512454	-0.14410210514599042	0.17072917013196975	0.10685377544915683	0.4500702961416398	
0.09793948913885649	-0.017286696017079536	-0.09315246236019081	-0.09328381792849465	-0.04799988331307478	
0.11220736507596202	0.09802686901080761	0.0013436952252958135	-0.07892911954175734	-0.15644294528637462	
0.02678231606802652	-0.020704397343851075	0.09645501105182513	0.04387994214300457	0.13918566243392214	
0.15928150341382927	0.13541508359275	-0.10246418179818811	-0.10889954599793394	-0.32316342957398414	
-0.00647649254457289	0.03580956646609777	-0.15984704145908687	0.021436175708363665	-0.1905448252515376	
0.06584403176948635	0.07756349129220727	0.02534187079078249	0.00036343115438559594	-0.066456953455129	
-0.14263539338741824	-0.09991329559513519	0.057921571521394585	0.10379697269885865	0.29092811562601417	
0.012110246293238827	0.03198543954961627	-0.005149682185538732	-0.039758460160144546	0.149698020572576	
0.003326431512961552	0.04719674095141823	-0.05729222764658977	-0.06839224095080756	0.05773636897213126	
-0.033463102112336524	0.01283379198200209	-0.04810371250342986	-0.07427235616526494	0.012685836532243124	
-0.026557861955462978	-0.08115637271328383	0.0381874905539315	0.019549261799498584	0.09982284194859872	
-0.09219942065596981	0.03692449020254615	-0.030864090493826494	0.012226013304463101	0.09757891021709841	
-0.05099400420868279	-0.0085304640007712	0.0560457815959099	0.047808904112680815	0.010030127721365089	
0.05372602199976862	0.07065563050516198	0.07906204167991329	0.07958420697291996	-0.05017631382124148	
-0.03950151012239044	-0.000656977582667276	0.06099614990075021	0.09166831202393251	0.09808916523092304	
-0.01242547428500307	0.0006582755703336252	0.006810084883692215	-0.007966834430391414	0.16773473217956542	
-0.08108381787445625	0.054001945091787504	0.03897063161128921	0.08274932546436202	0.2734787159546551	
0.14834965022017094	0.046055369156106085	-0.07239932345413244	-0.11134250366134193	-0.2788336248628202	
0.1518806892065325	0.18093282023954393	-0.09143829555242114	-0.08433762156853145	-0.24625174455809434	
-0.07895855421203408	-0.12626654815294241	-0.034078798085750345	0.07873262287431607	-0.007058680616382743	
-0.03296396460414772	0.0619168251832554	0.01175539831513843	0.013245563138289637	-0.042369377696366506	
-0.06502113085796586	-0.021736718925441698	0.1487094929788964	-0.023857646201819308	0.10473897583212693	
0.02906582790254459	0.09496465708383649	-0.054139375482918015	-0.13103951952112905	-0.15606814398549831	
0.031975959113578964	0.10869316612243202	-0.09669913450488422	-0.13516227556033733	-0.1029051619055715	
-0.00046714052211763944	-0.07113667114679177	0.10300747951047531	0.05214199711455786	0.12781722382763136	
0.0691823688904765	0.059102654581781995	-0.08782960436347106	0.039677142364822074	0.07275953643770007	
0.06947302678680363	-0.06968925099461806	-0.02390460185982961	-0.06712679027093844	0.02622174434651933	
0.011550748093741885	0.06956481355406041	-0.0034142045992775036	-0.02376279202150465	-0.09768714466904029	
-0.04995329136636174	0.059592575342131485	-0.002625651018697896	0.06302118712863157	0.05788203609122564	
-0.10682165826549792	-0.11165489568632016	-0.06024998550582939	-0.057104663816106446	0.05858290874926309	
-0.07795899601235404	-0.08916616497355055	0.060532141100368954	-0.019916918473046077	0.08056726363586617	
-0.06266236027447489	-0.03627460975014416	0.0278799385769323	0.011262219079076473	0.23972462753873988	
-0.192048413817867	-0.023754806616620633	0.026321328512055	0.14851731027587628	0.2345259131929166	
0.0017980383132940344	-0.09490879182555204	0.03040483589627987	-0.08982188002817998	0.1310905980350968	
0.2732336334089833	0.17536901255266982	-0.07957607186554497	-0.20501332310246068	-0.34842662517417305	
-0.0655368156822131	0.012155171392372974	0.11012258769120742	0.12175542835851902	0.13315265110992422	
-0.1736523873715649	-0.044327775223995156	0.18811705540113505	0.11684923601731532	0.4639413849907903	
-0.025255725924716674	0.10038274590665171	-0.10453646741174762	-0.08291494173518833	-0.04521165977152057	
0.046196608175850556	0.13881484118412804	-0.11219894206875437	-0.05517025528825048	-0.2143413791990487	
-0.0045602275222109715	-0.08280384633079164	0.06349367425881867	0.06625548041372699	0.28851470228643383	
-0.06436840218224497	0.05301195148963946	0.02123040061576286	-0.1148823819345324	-0.05355558624378486	
-0.033706125827305276	0.07649166368327674	6.10912274410084e-05	0.01841156604847625	0.05575542553528859	
-0.036332351654198604	-0.0793161732499196	-0.05243022024876819	0.05316724973507611	0.07160997509396905	
0.014150407696332433	0.0850967207151695	-0.02108687260190969	-0.055803709253362754	-0.041790368986903074	
0.22360700064482475	0.16996437696048583	-0.06553093798008688	-0.031070550568245713	-0.29618050996949613	
0.03255642375849714	0.013459019006790156	-0.1293378405798299	-0.1412573139335512	-0.26126711948515857	
0.024480896114361866	0.08733134321010379	-0.1002649546680799	-0.0012428020390816924	-0.11816628675236315	
0.022651143065778357	-0.0075625651180665525	-0.09345240309930726	-0.07944043276979255	0.035198725728743545	
-0.019447317364683348	-0.0024907331636621934	-0.07152940233368037	0.004251622953703	0.13852271665809326	
0.11843555404892171	0.05281122215599297	0.07241891897924793	0.055925899709294485	-0.09604035719134649	
-0.09988415486957894	-0.08629202780368027	-0.06494218292823095	0.003203923380616189	0.0003228318927779779	
0.1133461565800396	-0.05661977676149814	0.05661625811966538	0.03610869572508168	-0.0016841313717832138	
-0.14168883694266862	-0.0789942060153494	0.11592497819953239	0.0085641534870603	0.2725336322597052	
-0.02106176210658	0.031239131113006496	0.008747306492457963	-0.007428386617175573	0.0376544408811387	
-0.03362945614499846	0.0939890514835361	-0.05197230059301013	0.07286010294319127	-0.019927681023522575	
-0.0849823590358437	-0.015563650707802525	0.10420100147746818	0.03159409724433728	0.13991581338996956	
-0.10157206436993071	-0.05223048256825217	0.09589023946549467	0.0986213573169828	0.13274600087623906	
-0.003849750548450569	0.05319325024807201	-0.004797824606963529	-0.14450151948507228	-0.04636284703997014	
0.03360665048377827	-0.003977758076387815	0.09357388897556795	0.03186789244512928	-0.06048734805757298	
-0.09895332904456274	0.011665160154639314	0.1251710489943487	0.07875541820627244	0.22753572097186509	
-0.022456239112822848	-0.057229453940076454	0.01597702176922698	0.026149431003136717	0.052557828636329004	
0.15783369091709917	-0.016356903125668683	-0.019190833712560647	-0.10006114130720134	-0.14192126793765472	
-0.05644882359362362	0.040331023684401175	0.0024605570186885593	-0.0324661744990401	0.13443664595738347	
-0.08817540680703005	0.006369461337277815	0.08592397526917522	-0.024360880756223297	0.0845715177479106	
-0.10258951270062766	-0.09582844045940644	-0.0024558644134904787	-0.07413134538657928	0.0004936051426699414	
0.055472275318427876	0.08511163493291148	-0.10844020651093396	-0.08089920171136106	-0.0989303719228994	
-0.09142676788210151	-0.0660599481403452	0.1609624245227346	0.07767736372854603	0.41385651689011416	
-0.07381666793463773	0.05025226781007847	0.1092617560797388	0.04307838894240519	0.09305972389654057	
-0.005975016314086813	-0.11962811235865503	0.025162863352906076	0.049713742597957813	0.130740072705315	
0.05360514290554093	0.11861170620938853	-0.16041019955890756	-0.05622035985890078	-0.1572078523983083	
-0.1323037126150419	-0.021781107156387595	0.10112609562381047	0.0713724682538978	0.2069658116397048	
-0.0016525316113518863	0.06979630055302924	0.05435824620932254	-0.04275654749247197	-0.02238141199718435	
-0.1166430755026705	0.04103896335345479	-0.032914926516381275	0.003545528402351755	0.06867240931846212	
-0.02040551887745099	0.12075714719485238	-0.04858945458481985	-0.01720007813191449	-0.07787875825381585	
-0.1257006066433594	-0.08397444680007593	-0.0965625707084904	-0.006342549875654633	0.05622218306703157	
-0.005691842943152555	-0.0643877032497305	0.09399924695457476	-0.06880752683211837	0.20058651948528997	
-0.2550660438921007	-0.10374512439453572	0.04311009483065025	0.1703942310427603	0.32575353429299303	
0.07060951726788535	0.08734491423199743	-0.14768116398598852	-0.052146552659525953	-0.1719591096652628	
0.1425165642526376	0.10968817333887117	-0.13121118893450673	-0.004027254858835498	-0.2377624090178916	
0.030215870973015382	-0.01939287857048274	0.0247634606066223	0.08630042308199631	0.17736967673845092	
0.15749861237141397	-0.005937913219371147	-0.1764348306740785	0.01942252738824088	-0.1020347687455353	
-0.004644416432490628	-0.03166580384744428	0.07960508108415637	0.08086080363207232	0.07818484279540858	
0.08042847514381435	0.06009539577303434	-0.00023894420717600082	-0.036561305405939035	-0.017350845759705052	
-0.041446316511498354	0.0818404689838455	0.033518118804491015	-0.08410331995652981	-0.14495227503238578	
0.026264224952391352	0.008077608846232088	0.00607469685113098	-0.04307582810617302	-0.13255147738093537	
-0.20100759642299823	-0.10067872123937435	0.10690958863750122	0.03366614934048414	0.23132497370654428	
-0.015214585038545232	0.061585474698624555	-0.0017352502051083956	-0.02573928576022448	0.028698778848140077	
-0.005900734803278471	0.03356133302092302	-0.06683803912116336	-0.005587224472402262	-0.013979717206124042	
-0.14277619391434668	-0.025527222591556556	0.11860590860136865	0.12008947746046437	0.24918559667964912	
-0.09264260080134215	0.032073145423388294	0.07275831228948199	0.10050150555606786	0.1798661112400572	
0.04337110546368533	0.09697250361129083	-0.0963772461926613	-0.009599823295895697	0.006194102886444141	
0.03884077689908111	-0.02873089427254809	0.03309661480881251	-0.07533133531212155	-0.013279668711515766	
-0.0051022885254909025	0.0912199781484925	0.0260031203849554	0.07438312654139244	-0.08710639717534821	
0.047489936256939834	-0.11577712471356903	0.0069045477242325555	0.12231918910200994	0.011304416446695035	
-0.015869413561596456	0.02485928254438733	0.061774634252791935	0.01124237036359911	0.28443364641163926	
0.14023987190420792	0.015617671927502701	-0.06437643049149036	-0.05937251806886904	-0.19542084723620612	
0.05789371935253726	-0.003825848153861374	0.048652150230377784	-0.009300894138942474	0.0973907371688423	
-0.08769409823676509	0.07317335979685988	-0.038191940961020306	-0.06834653811378869	-0.0007832735154520648	
0.13662548386219323	0.15983906746556442	-0.17144144676416706	-0.09565100609735051	-0.44735881414145473	
-0.04452445595621969	-0.018513703456140066	0.14185588065393065	0.05149825648838727	0.3001878252633153	
-0.11769612826058923	-0.07953272508434273	-0.0054889541363280555	0.0191419250497177	0.12573882520678628	
-0.018361729754448528	0.08372389009204026	-0.04341376520103839	0.09247538321157119	0.07316461568240419	
-0.01802597350221289	0.07705835795441716	0.015384170403796799	-0.056908065947658015	0.0565161086838297	
0.03587611164035964	-0.0025749368253165147	-0.09566610876473519	-0.007933326649303319	-0.2308811134011201	
0.06028678025921551	-0.055683404944416974	0.02586505601521655	-0.009260279587727379	0.1275810101399348	
-0.025945136718662463	-0.12362907746284803	0.09892498504618409	0.1460741759293972	0.19659660971808363	
0.7709412726188376	0.3762705715218917	-0.5863578431178178	-0.5139980952995795	-1.4004161271428246	
-0.09724649748845665	-0.016655207525860777	0.0876963783713468	-0.03139437803391869	0.055948859096520004	
-0.06505273743451852	-0.031609432739509516	-0.07108045583238065	0.043354162829275206	0.03986152473936283	
-0.01905365348465437	-0.08273793736189114	0.07827538154155245	-0.021226172410314686	0.10029131616200304	
-0.025615575666462553	-0.02893841767597556	-0.08846903855174873	0.02632932537318794	0.04146332053633989	
0.022717738900567122	0.0296625512326249	-0.06601185715654845	-0.07011064021222752	0.00283500870517657	
0.07506654527090781	-0.0632093116905556	-0.007432176258348022	-0.014213533194019412	-0.0005421628160967307	
-0.215072395329198	-0.11605852433893711	0.06728890104323318	0.16561055271071595	0.3975258988035198	
-0.3524646760452511	-0.17716476428851002	0.1970998524942953	0.22109332499240641	0.6718674139562377	
-0.2531465741294044	-0.15549996618035994	0.28389207931068566	0.13527257920376484	0.6817264842274382	
0.5795673281897312	0.3428160631147106	-0.4377954430925823	-0.4533415258494532	-0.9207904487527008	
-0.018384739724217333	-0.02481163013392494	0.01106763259091927	0.04053572978167196	0.13379632969245583	
0.03778966168424609	0.012372012909773104	0.0943887718096937	-0.07844694714218181	0.14517344837570645	
-0.0894010914664021	-0.06010089077228773	-0.015449467671087819	-0.07849822476296647	0.02473408219954036	
-0.09040148719022655	-0.043075223798611575	-0.08779266377606579	0.04070386622101624	0.03369123351789641	
-0.19235505256667138	-0.1605573885666135	0.17755274346687885	0.07492454831042943	0.4127300865713007	
-0.0007580936493864214	0.005867596167778096	-0.09624667227424014	0.02730043507033126	-0.03534049362251077	
0.21407036468738946	0.15356129790123693	-0.1012797540776282	-0.08591596574036543	-0.18975210031644277	
-0.40457049907911685	-0.1686001348224802	0.3238020537623274	0.3313438554225664	0.7748389460272036	
-0.17227315805801008	0.012770243171029545	-0.00786401981587289	0.09015440375438626	0.7539934667309907	
2.102956022125056	1.3231427795360358	-1.3412409784853896	-1.1657744348426933	-4.023765528214557	
0.618801188674428	
