TESTRUNID EPOCH: 83 L_PCC: 0.9088398859115785 L_ERR: 0.008169102657071615 T_PCC: 0.8651649357234841 T_ERR: 0.011906625692055037
180 LAYER: 1
5 LAYER: 2
1 LAYER: 3
83 :ILEARN
-0.08905571738350233	0.2605626876384022	-0.2888577761198157	-0.025172231609555694	-0.3635081239167025	
-0.08756588449118063	0.2341641767870475	-0.07711299804300882	-0.031314787949821656	-0.2736073733714222	
-0.27178559290791204	0.16956526051367485	-0.1110388686128426	0.13003662108994382	-0.25043505673485755	
0.22710532421477628	-0.13401897113212868	0.23446198131237148	-0.02763411209658355	0.2756870382365844	
0.02003688978720427	0.1706166863843974	0.10744084687178279	-0.033059644985358135	-0.09643545102144109	
-0.06835884401822903	0.23351281522701664	-0.14794850886925656	-0.038974294812117165	-0.25218804736148825	
0.25670743750369795	-0.33277995338249367	0.3389149570631155	0.0008648589740624558	0.2112159513748325	
-0.3684405192326226	0.4597936817340379	-0.1804742061804516	-0.07150633409228778	-0.47638638542604794	
0.08218084309643488	-0.10767202692818068	0.08747188531342581	0.029901781324492473	0.01544199383817853	
-0.40046536029587426	0.21742400845500046	-0.23896151875785374	-0.05221384641622105	-0.2778115045879538	
-0.29835287556237844	-0.08995377650787442	-0.03678856110857129	-0.11333092620456392	-0.2549233308447331	
-0.5303307829227367	0.6068499480555525	-0.3375723637438531	0.039740411370417256	-0.5888691923413153	
-0.3108165831523302	-0.07934789798658347	-0.05679527649359802	-0.04600162588573944	-0.3631733962785665	
-0.46807042696616163	0.7272935121400779	-0.30588087215954785	0.06573474242063373	-0.7651344116161439	
0.22555422023806926	-0.21434896500447798	0.030459500306863823	0.049533528221937254	0.0703716023235814	
0.1407098657697282	0.5609836498557305	0.054836970346359565	0.008951126837498715	-0.044734836639963964	
0.18431956116510803	0.12252050505779291	0.17160280958030372	-0.04734870202856797	-0.05316435166606523	
0.05945423275372495	-0.002588045268455077	-0.06324236346679248	-0.03742890538299602	-0.12492710280450545	
-0.16127840104032407	0.2411185408072245	-0.07976354072520801	-0.0571641191141975	-0.20997230235485317	
-0.08193592918984152	-0.010998382962502728	0.0022058765647768076	-0.13799817168067494	0.1200524748286588	
-0.25926557098419173	0.13040864479367367	-0.051310655186851496	0.020739564760085472	-0.1569844890634397	
0.10429534063030534	-0.1817116354906418	0.1550793884411324	0.020575459999547806	0.09576757790784775	
0.1435963455138062	-0.22847813716381474	0.17516273691307602	0.05813793808398101	0.08563741195699255	
0.01784281173370297	0.16057610224071348	0.0941718858547269	0.05829730847165513	-0.3435395484438974	
-0.12869614563938336	-0.407446171092523	-0.11863124016702636	-0.12379660769834656	0.6681482375672682	
-0.47955066450588857	0.6681600812541116	-0.243603327506246	-0.025477936307228194	-0.8263800941641011	
0.14667642120258984	-0.08079845565934558	0.12528298368694113	-0.13968912061552585	0.07422324877618357	
-0.03509839596952005	0.07634492966031733	-0.0689833210823436	0.06705373677121018	-0.1155105044836384	
0.31770125117051273	-0.36369209016774284	0.0810578795313383	-0.10909714226960411	0.21951430093483382	
-0.39752072231876723	0.35584492058760797	-0.1056369353208659	0.028428734274934225	-0.39493969640347504	
-0.7145182057705678	0.9925524956006624	-0.33424873776484704	-0.1457731554144317	-1.1056797120200217	
-0.14791595248521186	0.17246582430839758	-0.09200776404178393	0.14049367199844212	-0.32885194874384704	
-0.201692630290434	0.4224946775442362	-0.1641171438984997	-0.036669496494316695	-0.4380408422693382	
-0.12696087808211215	0.06226716960655479	0.04898542721866765	-0.038881403368915844	-0.10295025786739466	
0.2004304028723827	-0.1468871287224633	0.2102717219908259	-0.007979798097144414	0.08498251936185829	
-0.14604416442918053	0.34576433010518	-0.19077552713523216	-0.020804554095461378	-0.37707426103770486	
-0.14467662800485984	0.29454291635405705	-0.03540510062084372	-0.05529701147811247	-0.40909536930611434	
-0.06672713107953875	0.20929449760972454	-0.0094272750074195	-0.04884579803875568	-0.25316322547413306	
0.22915506326093224	-0.31518596069853044	0.23908264054472006	0.021935216885447754	0.44178560296649133	
0.026229994636397254	-0.1074608747997279	-0.029177285189309454	0.01871058261779611	0.27922069661600296	
-0.36051788563021125	0.2868267953111951	-0.24742731138029425	0.10258428820878686	-0.3346020669034566	
0.012736778953622229	0.1725494683148615	0.09131911497880857	0.10990914659454172	0.016746172211409956	
0.05171128491357126	0.006106253070711795	-0.12874363893101734	-0.031935507355415144	-0.3475437976709412	
-0.311392694020434	0.4485601010998123	-0.17916810530259514	0.16609691630057655	-0.7283104204784325	
-0.028868927673278467	0.040643994070857115	-0.14410795980573265	0.040393073636908514	0.2996315309953501	
0.035527470921437515	0.12947551445882388	0.08481077478573663	0.07548728193985647	-0.09686745517678962	
0.2823610278430074	-0.41038475134410013	0.33771065212246626	-0.08043791563282518	0.3662873794026236	
0.16400706906953316	-0.12331066773811812	0.08163491513595286	0.001140459643554968	0.07215123580102634	
0.1621064434450444	-0.0360045629378971	0.31465615243950373	-0.13489432603369225	0.11062397709910564	
-0.09583721041043121	-0.15043193323358645	-0.1718498313196879	-0.03220323667683824	-0.12920726009534347	
-0.22758470661401203	-0.04780517684228203	-0.07486956341325192	0.01070584275856254	-0.1526124536480866	
0.3912711813568371	-0.26309773184609325	0.23178526064337968	-0.04406331606150744	0.2875211178306629	
-0.2665278686253494	0.5477917834667484	-0.2376790897843786	0.030472233469454636	-0.6758144683849606	
-0.2945553108268374	0.42132412417639437	0.17815360900485944	-0.13243997196728063	-0.22003164398211497	
0.19067281741719783	0.23013634052833448	-0.14641497528428082	0.03470673728797804	-0.1469698193738772	
-0.1401110190003619	0.37322159172746294	-0.33162023796007	0.08842400702471533	-0.23236753810061983	
0.33793782669253186	-0.318928088928956	-0.017138312841866673	-0.015985233822662495	0.20747710747108916	
-0.5201769380332023	0.06764735160376482	0.21836223315167483	-0.12174375894215098	-0.2456690576039289	
-0.22089173383901736	0.3069961703167031	0.23154001942714403	-0.13133901864821	0.0012174743080105104	
-0.04855247644342262	-0.3784547723194562	-0.17732188253459774	0.014637705479909852	0.10063061637040842	
-0.11107627542440099	-0.034554404542652566	0.08111529397736343	-0.03229538226719172	-0.07743788193673752	
0.21375552905090658	-0.11778290981887152	0.012272145990672938	0.03213468252725404	0.12902998957721676	
0.3823432037860936	0.11329452622440438	0.17492381911119081	-0.1332004185914611	0.03715723252340531	
-0.21689314298246223	0.27134851094717966	-0.3172901892657082	-0.08402690947002193	-0.4764123033417109	
-0.11552301967406772	0.21458738795134996	-0.12360217465319501	-0.0962389518530055	-0.13186898097727015	
0.0962842044585153	-0.09628651871579981	0.1844731341687395	-0.05116927406245759	0.20214032924111525	
-0.45926960013626084	0.32475276456227137	-0.261825678776864	-0.04076130585117321	0.016467277622875448	
0.11338836086275185	0.022385767940658847	-0.031491594852631734	0.06073356126859381	-0.26203315706075686	
0.12611544534388539	-0.023529083602365667	0.1893277280076979	0.03767888055931824	-0.17833745009032448	
-0.30137311334750055	0.03780468798791977	0.13630041042988164	0.051800414171966305	-0.16441562511637395	
-0.1510013637499954	-0.13132090720288297	0.07791948395209959	-0.08455750394660054	0.06935008049033159	
-0.04151701461398006	0.195353751563975	-0.009411105433346867	0.06736193081089722	0.11841107318408403	
-0.3624458335124829	0.07278895370643913	0.1625556966486501	0.018985966050874194	0.09188885768598791	
0.1840177919171711	-0.07646847457959063	0.09796350377068737	-0.05911124540535999	-0.2352831877252798	
-0.20095206212729524	-0.019181854883128104	-0.016405698789912354	0.024478226700337762	-0.028801482323023805	
0.03269702026035697	0.09638670320609101	0.07274263873047554	0.021922253672576896	-0.38860127722272303	
0.023420985565413315	-0.09172374143597394	0.14038897980631462	-0.0785268324035135	-0.09537225415900842	
0.11282050162391397	0.5811681774698789	-0.02641081265821794	-0.15027921395038363	-0.2401217132154265	
0.20481137032028177	0.1546232312906973	0.05162319207709283	-0.14991926469562117	-0.2805097521034572	
-0.2334727434656858	-0.09854905750817453	0.16610077543808727	-0.023960101198286156	0.03889682473938511	
-0.2299920742063904	-0.01843143176000364	-0.1294267839020374	0.02172923351443314	0.12597523626221924	
0.17811542931766589	-0.06758189744251582	-0.013224379717369662	-0.07281757887139104	-0.04605227479568819	
0.06633632755164064	-0.09203580015268556	0.10487276602842965	0.04968440449369699	0.1078317481444803	
0.06800726396141116	0.2740612221257283	-0.10670271063837031	0.0841145771311899	-0.27727528765788484	
-0.3739510411053504	-0.020234856276538826	-0.007505853778877924	-0.18366740081921687	-0.18947869029084552	
-0.0039071833188104674	-0.18266736608678716	0.05678732844373419	-0.025417938254571643	0.19701804512787457	
0.02901142311392314	-0.05634942448199086	-0.023517536234620284	-0.012731122167110424	-0.14269556308846904	
0.015050989678774353	-0.07687521928183996	-0.20488491970530742	0.11573305682425213	0.08207275788979901	
-0.1151879049441855	-0.1448752079247723	-0.03828649415614179	-0.09321927166001961	-0.15684511662634854	
-0.2086163138218566	0.2806058863302775	0.18854842962467575	-0.15895921970188306	-0.12516735562171635	
-0.07329097831910966	0.11634813873868147	0.27533687492119285	-0.014875230527230039	0.13282156423417626	
0.12009891426462882	0.07317443769092433	-0.03724327721021877	-0.006686792512611926	-0.12679425275548006	
-0.13365198551692412	0.07312019966209635	0.0841555271837986	-0.12083436760524452	0.1905342244488596	
0.026248914791840463	-0.03306267365866505	-0.016889497821997387	-0.07427388975995684	-0.088251106891308	
0.37118269912556406	-0.12096061011643108	-0.0509024839914888	-0.009706843090506677	-0.004168134614778828	
-0.10601116614388467	0.2621832356788751	0.060178931678594526	-0.07363799975173797	0.004802219761694736	
0.3651292268018021	0.2910682499278208	0.35378078163053767	-0.08591742247129414	0.4633934502845464	
-0.09035983741128682	0.25359940984440715	-0.15988068321409313	-0.019885287287965778	-0.04370678319514704	
-0.22348300267191995	0.15808733500293398	-0.11845375252722898	-0.08143681845368043	-0.2366621595327925	
-0.1997898816817723	0.1633670225085763	0.2637777909937347	-0.04432398054271922	0.06211214244502019	
0.20683870120739248	-0.042429454911331495	0.07129657088899495	-0.10548949327833167	0.3777943111804347	
0.09036279941561073	-0.10343804976244056	-0.08902891541177689	0.10372445247457943	0.07792392616731551	
-0.230017588490601	0.11792093440359257	-0.35542327663733947	0.010633371141763407	-0.33499956989172824	
0.1672261517354907	0.015270419083250568	-0.1617750939777423	0.03247461274065943	-0.13019498465772386	
0.020615134390161816	0.08410438187479309	0.180103196289647	0.05780593453191184	-0.10023721014439799	
-0.28328478929596645	-0.1006155309465117	-0.2325262382838483	0.0463089882340899	-0.2648642779641615	
-0.032163723179362856	-0.011226846531094348	-0.01686230987635892	0.0874258937472618	-0.04410680779305856	
0.190111722824856	0.19164975195398734	-0.03515018821654665	-0.11617738418793923	-0.06748365837242076	
-0.16126907840576535	-0.1312648981929838	0.03271126820879188	-0.009539114735982748	-0.042620135812813764	
-0.3154160532757858	0.1062154553560644	-0.039472130204402454	0.023720110393919965	-0.2986170634217139	
-0.5395030309354258	-0.014651875022496005	-0.027943867534149736	-0.06442851707817918	-0.23589836692408434	
0.13510929965659674	-0.35514253155601566	0.07716550009755796	0.08829335726558123	0.18154267477576086	
-0.19572328062259953	-0.26622737058158	0.15928804684591996	-0.16398492993501007	0.08771804454669756	
-0.4701947483596215	0.13791437581629926	0.12910877235132612	-0.015900121110441673	-0.3039344889607814	
0.055060960790019445	0.3803580892401397	0.051294537272099205	0.004998478306512026	0.031090262157332738	
0.04995086717179039	0.005108393110583736	-0.030348133950940288	0.07290262275042571	0.010268325883468925	
-0.1608448735754763	0.04353141547941425	-0.08885391945013257	-0.028928364869844018	-0.30694822881143013	
0.051018963089239845	-0.025187138980560197	0.1771852750535002	-0.16789941228165114	-0.202731744867597	
-0.17465356958477776	-0.11121888397182057	0.17646744542249332	-0.09164050282292566	-0.016813652136534064	
-0.16802029496115797	-0.012492861113735751	0.004229001728971824	-0.1676480667962059	-0.19203701764724798	
-0.1250809232877679	0.6303827347716435	-0.010916669935053526	-0.10603658418966763	0.20472705872983812	
0.21258201169490845	-0.032616254222709404	0.024833415984216425	-0.0116785268058259	0.3184340298970693	
0.06732437668860718	-0.1372828832015207	0.09585730655891878	-0.008406947197846164	-0.10829018904781304	
-0.06535038126278558	-0.08056111096278576	-0.06161731447994002	-0.001460800169273779	-0.2990510926006002	
0.4334254333999219	0.14897688858705865	0.02267854139946569	-0.04321341251941379	-0.2237286883611493	
-0.15551707604847728	0.04707037531080348	-0.03824851565128329	0.049971644187548084	-0.10366019220924322	
-0.1285131857079805	0.21103652612134213	0.04012654617838495	-0.021986596826422147	-0.16459235684997406	
0.048571572984705436	-0.0933052954171086	0.058380764553695785	-0.08104046608121653	0.3677538567710473	
-0.26740383697985315	-0.02232029369118306	-0.21098857491355913	-0.01119838072796115	-0.2961959820650363	
-0.3975128809996692	-0.00383564392158241	-0.024680529818172932	-0.006667890014797897	0.0642436080521303	
-0.17219789938373073	-0.043519291380021474	0.00785366554511425	-0.10472233141364076	-0.1083172130890033	
0.2353488953051033	-0.4839968815871721	0.148766218534648	0.03043887121255896	0.5302623608591682	
-0.12993440050574598	-0.09306717226237092	-0.08813702083428912	-0.0225467241281628	0.0042291426941447165	
-0.006023448194971318	0.22100271764072874	-0.18762124054670745	-0.004969993311093264	-0.42592020828420424	
-0.2790189570898916	0.11538397788122283	0.032619721062322235	0.029984953269829202	-0.30589012185744857	
0.18220031775658088	0.04040016505082758	-0.07148706564116662	0.08628513455211649	-0.00887235920566658	
0.06623070344259924	0.10256645090143314	0.0033583569384664762	0.07609555972893105	-0.259362525396971	
-0.05334604034708723	0.2354915974764212	-0.15530635596984346	-0.10008789235253766	-0.33710516303008786	
-0.23391929816709703	-0.21374911892136625	0.07089925804891734	-0.14394503491700894	-0.0397869803870665	
-0.3454645994353341	0.09217423610456123	0.14383350905464432	-0.0005037159333077385	0.0868713527725036	
0.005169880488062801	0.08497823175616114	0.0316401991366688	-0.04011071732166633	-0.08060216270641149	
0.03161844952292516	0.21612374984479893	0.1083669165489393	-0.06754535818999342	-0.02431889883879514	
-0.029656103682662884	0.1640095863328142	-0.07230924641497313	0.0431313336219711	-0.11245307752687494	
0.2874873314642049	-0.12705458033503983	0.08540851015029116	-0.001030929617098754	0.33023490867666355	
-0.10505346296134595	0.08303784716275736	-0.020227948457521336	0.0070702426771807984	-0.1838417293090618	
-0.15921284986769763	-0.04956107039825628	0.10211121792426112	-0.02339106779934487	0.1387133876622369	
-0.28776792093280007	0.32650286178863613	-0.03369582995870515	-0.05339096754698805	-0.4736696322280817	
0.03818642253945776	0.29871746525718135	-0.05684169258798338	0.08927323058469352	-0.12897789018292763	
0.32209523638454013	-0.40555971615866254	0.21364777508100172	0.01111996648261983	-0.04749076640640255	
0.05855577179616348	-0.03240573241352493	-0.01779799624409454	-0.059499929021695264	0.3315144205756445	
-0.3717283434578925	0.31613769566173755	-0.08571723931392028	0.07874918036383043	-0.15138005344843666	
0.155042815708339	-0.15686509084519906	0.18582768772045347	-0.05152506529996819	0.0021729111863890466	
-0.20095080207525626	0.022577595218523205	0.023670678034998054	-0.11565138565000468	0.04147591994716972	
-0.34242919798573834	0.08146105507821785	-0.004956584658914498	-0.03274249450507387	-0.2849475459347198	
0.025781321615321994	0.1581297907644645	0.040857230742597096	-0.02711809834161019	-0.651995921264642	
-0.018038466541084777	0.2030072107585665	-0.04436468686056149	-0.03423456660932334	-0.14217218971824228	
0.28294142694298285	0.32142203783618273	0.18060929693584174	0.010767454530495681	0.19758328927984514	
-0.30746290301082496	-0.09520890361147953	0.2777494266188346	-0.1505987478590777	-0.2229736141850556	
-0.30531376642763713	0.05425994289281473	0.010517040938421722	0.004489420720381076	-0.438527387628225	
0.14468604847098993	-0.09251834122337593	0.03678622276604848	-0.02417697087335742	0.31182821267150856	
-0.5423974825800487	0.4743962119855024	-0.4155795689973286	0.10120340153956581	-0.6371953269510994	
0.05623289889771836	0.11552636036034507	-0.07349996918008024	0.10039105066586643	-0.147149743488151	
0.2907103534766064	-0.4780415010716375	0.29871091062081667	-0.09149980730320816	0.42686282509340967	
0.0617024486978445	0.0025869929623991922	-0.030495306315576516	0.017910304514516827	-0.07959567489360825	
-0.20039473646340022	-0.5455650820618866	0.2690363503197443	-0.14611709193053282	0.21759624164105618	
0.08186082929595305	-0.10842185754162759	-0.01610421968046928	0.0323032237451751	0.06499390445606854	
-0.23702954009788862	0.37270572620738873	-0.2563814759860129	-0.017608534856641576	-0.36438446753345466	
-0.00024401265336037843	0.037790673249368766	-0.06067948394121701	-0.019016414270770894	-0.165789436121065	
0.13817543611553296	-0.2563254930119651	0.07914171761170462	0.10421960673733834	0.3418583467412971	
-0.01418978488362099	-0.011846711754605834	-0.07832403581874191	-0.12912271499788172	-0.11690531692992913	
-0.4678946481622639	0.8223644850417743	-0.13202009817229604	-0.09143341397824016	-0.895334777369796	
0.5187496201940834	-0.3305271402897373	0.23628849220338746	-0.08998261669062359	0.45116161375167874	
-0.08759117513742212	-0.08899482141533283	0.08804978996308459	-0.059051043333789036	-0.013674894084006154	
0.27464972975947377	-0.16994683425945714	0.28500494558248074	-0.07627660396346105	0.48227186843737424	
0.06550289403958415	-0.21553939674617803	0.043365003299293485	-0.13596235093939832	0.07864524690529087	
-0.15967902481069932	0.20306397812041752	-0.21969578645923282	0.06869541079212665	-0.2867608908918325	
-0.015521224808329025	0.07818544852809954	-0.005184395523138748	-0.067255993439943	-0.26095367512311046	
0.12252406295006378	-0.08645159470565107	-0.02167865835051305	0.0502636722210326	0.07061207141570784	
0.16983062546426816	-0.2065780415829835	0.04317848753693185	0.061620702089229006	0.44298298146284587	
-0.6464768730424905	0.7593567303292547	-0.4759642151645922	0.052549741577211394	-0.8492277912296814	
0.14347970698344958	-0.14333038842618087	-0.0632990624444529	0.15682445614931784	0.38146084369410893	
-1.9872376668717828	2.366271863608812	-1.1921955691083101	0.6891537826038179	-2.548190700636546	
1.2472190039475597	
