            A        R        N        D        C        Q        E        G        H        I        L        K        M        F        P        S        T        W        Y        V
 1 A   0.1198  -0.0982   0.0396  -0.1678  -0.0044  -0.0643    0.141  -0.1686   0.0022    0.144   0.1536  -0.2745   0.0878   0.1266  -0.4204   0.0022  -0.0538  -0.0531  -0.0923   0.0426
 2 A   0.1034   0.0847  -0.0338   0.0348   0.0035   0.0714  -0.0751   0.1411  -0.0597  -0.1428  -0.1704   0.1354  -0.2411  -0.0321    0.282   0.1335  -0.0538   0.0606  -0.0872  -0.0264
 3 A   -0.026  -0.0494  -0.1119  -0.0048   0.0831   -0.364  -0.0683  -0.1263  -0.0466  -0.0474   0.0828    0.013  -0.0159   0.1194   0.0454  -0.1936  -0.0595    0.147   0.1786   0.1529
 4 A  -0.0638  -0.0368   0.0658   0.0364  -0.1072  -0.3336   0.1231  -0.1227   0.1174  -0.0489  -0.0221  -0.0067  -0.1966  -0.0882  -0.0037   0.0159   0.2449   0.1328   0.2492   0.0276
 5 A   0.1383   0.1316   -0.139  -0.2247  -0.1289   0.1262  -0.1959    0.068   0.1348   0.0052   0.1503  -0.0059  -0.2418   0.1326   0.0291    0.154    0.079  -0.0852  -0.0589   0.1063
 6 A   0.1188  -0.1818  -0.0253   0.2855   0.2487   -0.161   0.0037   0.0951   0.0019  -0.0907   0.0614  -0.1728  -0.0877   0.0598   0.0342  -0.1388   0.1863   0.0552  -0.1431   0.0709
 7 A   -0.064  -0.1778  -0.1073   -0.167   0.0457   0.0208   0.1416  -0.1113   0.1501   0.1635  -0.0378   0.0109  -0.3112    0.074   0.0856   0.0619  -0.1385   0.1679  -0.0209   0.0642
 8 A   0.0046   0.0369   0.0165  -0.2296  -0.2275  -0.1482   0.0893   0.2745  -0.0693   0.0832  -0.1466  -0.0666   0.3375   0.1212   0.0008   0.0302  -0.1951  -0.1903    0.025  -0.1773
 9 A   0.0563  -0.1893   0.0217   0.0595  -0.0621  -0.0871  -0.0778  -0.0025   0.0192   0.2561   0.0316   0.0757   0.0536   -0.046   0.0092   0.0444  -0.1419  -0.2716  -0.1968   0.2134
