            A        R        N        D        C        Q        E        G        H        I        L        K        M        F        P        S        T        W        Y        V
 1 A   0.0557    0.059   0.0701  -0.1136  -0.0639   0.0378  -0.0568   0.0252  -0.0236    0.007  -0.0146   0.1074  -0.0535  -0.1288  -0.1721   0.0151   0.1085   0.0491   0.0253  -0.1701
 2 A   0.0544   0.0091   0.0022   0.0052   0.0045   0.0714   0.2309   0.0013   0.0041  -0.0027   0.0028  -0.0143   0.0047   0.0032   -0.001   0.0021  -0.0014   0.0606  -0.0123   0.0043
 3 A   0.0462   0.0449   0.0783  -0.0555  -0.0718  -0.0094   0.0739  -0.0373  -0.0384  -0.0512  -0.0978  -0.1013  -0.0522   0.0319  -0.0042   0.0509   0.0831  -0.0639   0.0519   0.1317
 4 A  -0.0537  -0.0156   0.1255  -0.0769  -0.0814  -0.0936  -0.0316   0.0574   0.0805   0.0315   0.1565   0.1053  -0.0653   0.1357  -0.0425  -0.0606   0.0644   0.0307   0.0454  -0.0279
 5 A   0.0585   0.0194      0.0   0.0814  -0.0416   0.0272   0.0156   0.1227   0.0168  -0.0781   -0.029   0.0566  -0.0091   0.0294   0.0501   0.0295   0.0305  -0.0122   0.1749  -0.0666
 6 A  -0.1051   0.0049   0.0863   0.0871   0.0403   0.0911   -0.072   0.0165   0.0317   0.2099  -0.1093   0.0144   0.0366  -0.0225   0.0033   0.0462   0.1145   0.0766   0.0568  -0.0859
 7 A  -0.1498  -0.0311   0.0317  -0.0795   0.1314    0.007   0.0096   0.0619   -0.068   0.0095   0.1592  -0.0656    0.011  -0.0053   0.1479   -0.004  -0.0491   0.0913  -0.0422  -0.0142
 8 A  -0.0241  -0.0658  -0.0825  -0.0103  -0.0824   0.1362  -0.0062  -0.0032   0.0494  -0.1122  -0.0166  -0.0908  -0.0878   0.0233   0.0382   0.0441   0.1312   0.0147   0.0785  -0.0636
 9 A    0.008  -0.0849   -0.041  -0.1208  -0.1082    0.029  -0.1225  -0.0068   0.0192   0.1694   0.0073  -0.1147   0.2047   0.1504   0.0092  -0.0814   0.0306   0.1223   0.1004  -0.1036
