            A        R        N        D        C        Q        E        G        H        I        L        K        M        F        P        S        T        W        Y        V
 1 A   0.0655  -0.0565  -0.1095  -0.1988  -0.0029  -0.0019  -0.1149   0.0117  -0.0747  -0.0085   0.0127   0.0207   0.1308   0.2911  -0.1615   0.0455  -0.0457   0.0072   0.0616  -0.0737
 2 A    0.027  -0.1296   -0.151  -0.1568  -0.0245   0.0759  -0.0751  -0.0241  -0.0597   0.1185   0.3345  -0.0143    0.318  -0.0475  -0.2612   0.0415   0.0696   0.0429   0.3146   0.0654
 3 A   0.0892  -0.0031   0.0003  -0.0804  -0.0518  -0.0241   -0.128  -0.0502  -0.1099   0.0579  -0.0391  -0.0412   0.1068   0.1048  -0.0289   0.1127   0.0627  -0.0491   0.0949   0.0213
 4 A   0.0195  -0.0752    0.011   0.1164  -0.0107   0.0384   0.1215   0.0432  -0.0487   0.0468  -0.0326   0.0235  -0.0409   0.0199   0.0573   0.0568  -0.0445   0.0068  -0.0391   0.0496
 5 A   0.0469   0.0108   0.0187   0.0329   0.0434   0.0563   0.0893   0.0067   0.1144   0.1448   0.0267  -0.0376  -0.0354  -0.0276  -0.0744   0.0152  -0.0549   0.0036   0.0937   0.0377
 6 A   0.0196   -0.063   0.0511   0.0121   0.0087   0.0912    0.014  -0.0216   0.0109   0.1071   0.1537  -0.1053     0.02   0.0809   0.0147   0.0934    0.078  -0.1137   0.0912   0.0132
 7 A   0.0209  -0.1309   0.0547   0.0378    0.059  -0.0226  -0.0019  -0.0242   0.0457  -0.0575  -0.0372  -0.1506  -0.0057   0.1115  -0.1252  -0.0019     0.11   0.0841   0.1512   0.0692
 8 A   0.0168  -0.0346  -0.0308  -0.1604  -0.0377   0.0143    0.027   0.0423  -0.0888   -0.027   0.0266  -0.0486  -0.0627   0.1117   0.0276   0.0679  -0.0314   0.0396   0.1056   -0.052
 9 A   0.1115  -0.1129  -0.1295   0.0595  -0.1611  -0.0871  -0.0778  -0.0025   0.0192   0.1784   0.2354  -0.1351   0.0797  -0.0101   0.0092  -0.0755   -0.011   0.0557  -0.1048   0.2603
