TESTRUNID EPOCH: 99 L_PCC: 0.6679447507395676 L_ERR: 0.011804747778533176 T_PCC: 0.6825923833707119 T_ERR: 0.015238844327664569
180 LAYER: 1
5 LAYER: 2
1 LAYER: 3
99 :ILEARN
-0.11127644810938445	0.06270524789529122	-0.2712166167162754	-0.1500990190053586	-0.24743568775661198	
-0.07947930949376113	-0.06283106550460918	-0.027182261260988744	-0.01933108516754738	0.010398320368896208	
-0.016161097119341036	0.037043900079351905	-0.059109550053696516	0.0756234872781891	-0.09452248136041477	
0.06477155170184752	-0.023564235111625767	0.07703959271867311	-0.03502896438368837	0.0009078613006051834	
0.060148913735107334	0.0936523151438795	-0.03731516436815144	0.03846452313386281	0.07527783045920766	
0.08503080509071582	-0.08433857957168805	-0.07947047445872117	-0.058780320027114134	0.08743570445984851	
-0.08033063323338999	-0.015778474998989572	0.09157790603010038	0.006633056994603412	0.038375422790094676	
-0.03023933973757217	0.03595815512299882	0.08078808464790425	-0.0883530826820992	0.06313830796397178	
0.09777221778129894	0.04963313087596788	-0.04391120158711897	0.057855865690297714	-0.0793547986844716	
-0.01042129476481897	0.08171910061861912	-0.0412771703252641	-0.042444932282730254	-0.07399428557634447	
-0.09612660842594059	0.03576710658797819	-0.05767437679998819	-0.04689066812555476	-0.0016853681439323448	
-0.08236381572876049	0.013147064959860046	-0.05669605871978356	0.026143601076424983	0.053882708634798715	
-0.07953311423443483	-0.017188802436086337	0.03888003154554903	-0.01716414609461947	-0.09000930821078257	
0.026565342239465554	0.02849109917276519	0.043416973261671286	0.11206746930260227	0.05525671995312788	
0.08807936835055036	-0.07424855919598466	-0.057469558582770836	0.07025690962925793	-0.005879872031066577	
-0.0857317715430125	0.08993341888709787	-0.07006140860852998	0.02709852157755826	0.007273661749760032	
0.08292651977756386	0.023245396534365418	0.06299684708190947	-0.022886064084755856	-0.033681901863111686	
0.08885459348590337	-0.016404512677622097	0.11334757887167227	0.044179217884054565	0.043421544610745634	
-0.06562795001119427	0.08748955415284061	0.013345371561772953	0.029282562654150347	0.0038821819140042206	
-0.04519167133360053	0.07891898181863434	0.029847524786847237	-0.09081145212261957	0.03817869948708841	
-0.027437677603041718	0.0037666816610145443	0.09195164209246033	-0.019949254082145818	0.09605655060406525	
0.024672023158360548	-0.09683575143068875	0.08588744674875226	0.03817938350338479	0.0994645700902961	
-0.05819361486234243	-0.07428103622128834	0.10159045284205587	0.048173220529391	-0.07245289097291142	
0.05840583110694469	0.04908923632671841	0.09953091604022105	0.05103341479102418	-0.06090541475259517	
-0.08860866494170348	-0.09646968148151248	-0.0797600307234687	-0.04191495130535081	0.08678887504436261	
0.015147896949411967	0.008838166923904186	0.08345657768131498	-0.06645046980385287	-0.02969639804780197	
-0.15737083459903747	0.1312610364844497	-0.32025444884668963	-0.3035928697386425	-0.2745173900982567	
-0.04607194280879691	0.05975520382251177	-0.007783637466073752	0.08152923931318835	0.06395618169887199	
0.01885553651790044	-0.07449135176694717	-0.0731111811858425	-0.0667448228301044	-0.07628288699640662	
-0.04721477416202974	-0.061773255062911925	0.10843296897559315	0.04909227644315586	-0.03616176727378809	
-0.07813615424898501	0.0917248052759516	0.02874518783503246	-0.05044028673158105	-0.03482536431320207	
0.04876517081501858	-0.06091410377813625	0.01627178545465155	0.09400399781766247	0.06936576029800706	
-0.04709525122353447	-0.0023960965629463335	0.033959202343428335	0.07171090608418738	-0.058984760245169396	
-0.08896330645475	-0.08773286792434994	0.01206493756402782	0.030070699836226233	0.028326484342683804	
-0.017090526498077466	0.09343597069694909	0.05646236484884042	-0.0007711396654436052	0.048217725758503596	
0.05655299142744079	0.03211145536411084	-0.03219902921548674	-0.0779148178242002	-0.011301430672220973	
0.04475618306503216	-0.062045796623112076	0.0889051369748875	-0.06438475287337111	-0.011233322397885635	
0.0681977261977793	-0.06294231368484837	0.04245206593023253	0.013543702410242922	0.09927608799064655	
-0.03518799385881919	-0.08942484162336796	0.07270470363890591	0.0689539403427661	0.10532409772545101	
0.09367901684412745	-0.0988344794257544	-0.038796598157925744	0.03203031499326736	0.10419023928548198	
0.08561794978519051	0.012456550188146414	0.07275770083310026	0.022660388951722923	-0.029852177806487454	
-0.0028018665806180537	0.020862096583994655	0.009909584301712515	0.08523628534129074	0.08374668712672123	
-0.06587777898495543	0.09968555458958539	-0.13791521068562718	-0.12674353245690825	-0.1531901947060596	
0.0031087643015990747	-0.09620683167882238	0.09361320163263934	0.06776622363179165	-0.0931333986751254	
-0.06476074888498895	-0.0335872851266326	-0.07380063103781663	0.06189813842531641	-0.031052669463341315	
0.08802149646667343	0.016402835989416012	0.07576639688236883	0.06894688907844437	0.08107846374172986	
-0.00802394683663861	0.009269363204074649	0.05972071823040789	-0.042856229653170486	-0.0019492954760144537	
0.01534755732305084	-0.09586623630349626	0.009462776264791821	-0.018713833702915218	0.05255831482520097	
-0.03695103938092541	0.07857774170503026	0.015571443056907094	-0.06319795967450699	0.05758584676510087	
0.027517219551549937	-0.09005226547798181	-0.005517884281621565	0.04140019435233233	0.09261236797668329	
-0.08743246579265582	0.09259909144449525	0.0021624597371391807	0.10989459404560074	0.045852097477971955	
0.0708278691064251	0.013894571908273274	0.037374770444457216	-0.036663000276023414	0.027408595289473855	
0.050004352740532	0.07166276728580848	0.05101643769353603	0.03961144968946059	0.07289588601091998	
-0.004895689759318877	0.02766473799924374	0.05549629721043331	0.012922614835961431	0.0423501970577279	
-0.018984830960675585	-0.03671762612663097	0.025816439502353846	-0.013118922980830727	0.09619487402914208	
0.041693356643153046	-0.06146049057561723	-0.0022142575587233877	-0.024324387748035373	0.07101356652639462	
0.06666087794871851	0.08291568857751314	0.012631509674225664	-0.05735604071887126	-0.06802094603242628	
0.07097958853948047	0.0055429292617493325	0.06043221680091962	0.014497703438321269	0.04662850505750221	
0.003802325492811162	0.0541767821003776	0.013771598140943114	-0.006858024281603828	-0.03146221840934364	
-0.08479663568616916	-0.02483075287985624	-0.07865727780063163	0.09851973576347153	-0.06001606665620606	
0.03322910134709742	0.08155852663524732	-0.024505061680896223	-0.021779234361105425	-0.12504361920904414	
-0.006623995447338743	-0.03096558976895701	-0.05499200843718308	0.018502373753159357	-0.03754603245961661	
0.07321033381951642	0.08414783627104157	-0.0677018464059341	-0.08944063213549022	-0.0804568118801741	
0.013318430103340042	0.042813500197526444	-0.029152721702482405	-0.034427257210599624	0.09665438492188524	
-0.01683025634649453	0.023337013431047243	-0.05326677215214999	-0.07960654811484053	0.00317140339370596	
0.007502073333079283	-0.07211412402700954	0.05009040976584381	0.023281464243656198	0.05466340295911559	
-0.0758906167470657	0.05135204350036164	-0.06534797905959137	-0.0019021168057430683	0.04758002550939206	
-0.08366085198291133	-0.037669600803271364	0.09966375565666807	0.08281713520774639	0.030786885593735297	
0.07332165483330261	0.08996119827072532	0.06528139952586828	0.07082308876730775	-0.08025131963593034	
0.02493461635881383	0.0419853672383615	0.010924583774457269	0.05336803493051795	-0.10377018354530519	
0.05278363159573541	0.043562390746523995	-0.031812479508137266	-0.04863230088225937	0.03122885449333121	
-0.024565678350422816	0.058122576221037114	0.002268649600905703	0.06415604175311054	0.11000628345692674	
-0.03995033209321999	-0.07139883434838012	0.08026168726985478	0.00831187577747465	0.09494807417101644	
0.021783035274164055	0.10001256681676532	-0.0015893869919461827	-0.0012580181247653774	-0.08345002186547819	
-0.023398943099513337	-0.09585734016627745	-0.054788200483519026	0.05565790533585965	-0.08246674462577712	
-0.02669138055125113	0.07246925056760883	0.03853554350147087	0.03818842841323372	-0.062272639808937824	
-0.015204320924738812	0.017115240290869436	0.09074662602845333	-0.06342561088635379	-0.0573345140944807	
-0.055770514875950625	0.05195776548678675	-0.025588233991071258	-0.09851548169842794	-0.014764598293850836	
-0.05760796707126481	0.05972084895204205	-0.040533723698545555	-0.09447879760909927	0.018686489892924207	
0.08802808679041903	-0.0277819409938703	0.09018970342647624	0.025169548929623795	0.046144983236690015	
0.09188686421235048	0.060792178299729355	-0.09353538667528521	0.041877450246259024	-0.006999703687298783	
0.07650493187648927	-0.05274369023480129	-0.07332670256091252	-0.09937905808414421	-0.04022326081807315	
-0.05951664902211216	0.022882070395529527	0.09973117860590676	0.06107126834551808	0.08927205939918798	
-0.012912574412277	0.06507013639817523	0.02531872068257519	0.0871934565163721	0.06201531278198603	
-0.07131539026595102	-0.08432262002901042	-0.09633347141739855	-0.08665500047212871	-0.008283237258313633	
-0.07250502335201521	-0.09546459370286274	0.061116890036245985	-0.015336573425899634	0.05889203013381756	
-0.00951903465070969	-0.009982650599847778	-0.004385498656433812	-0.005199214687561196	0.060632668422833935	
-0.019521496028452837	0.08093723206872461	-0.09258779040919284	0.05477486854408373	-0.07487172377245224	
0.022850967479157568	-0.09767228671145932	0.005835383134936352	-0.1005023225919615	0.08846812053017629	
0.09315428266367841	0.056544935542811675	0.10878402740071817	-0.056408913287452005	-0.044618052460926635	
-0.07933194464678431	0.02828113365137136	0.045001619468672566	0.07720842813309767	0.010115151229102668	
0.04636008182845905	0.0818586409088509	-0.019825253525775827	-0.05002986395499265	-0.06531396584257543	
-0.0761085899332542	0.06252211760656576	-0.07064152531655138	-0.04714050345461987	0.06381783572670616	
-0.04430461164839066	0.09791793394265592	-0.059384393854015644	-0.0008307568171189958	-0.04969099194029382	
0.0821545662347675	-0.026688671229753116	-0.013281534545367096	0.002458538455672274	0.08777729547394267	
-0.09955008280820647	0.04474335721380708	0.06557005105349197	-0.10141140468675866	-0.007202711889643106	
-0.03609382089292658	0.07213810992884818	0.009065303873485663	0.0365244407059913	-0.011970504550753698	
-0.01475064781159325	-0.03598880228747661	-0.1593443428196643	-0.030839748041532812	-0.10818905575453527	
0.015568233094023448	0.08071838674288989	0.010968100705469257	-0.03604578449299432	-0.0022163596718852664	
0.10519363693804143	0.0834503945110731	0.10807470958103768	0.10607205282438166	-0.017980144524929388	
-0.07038884469548433	-0.0571008366109519	-0.011451533771999834	-0.05057181654220905	0.044943720466795914	
-0.01728271699976773	0.06327030236544282	-0.06297392034619387	0.0403753059512621	-0.05192887503017223	
0.008662270838910257	-0.028842888834406555	-0.10008758481747594	-0.06146301162628638	0.02075691630690467	
-0.002999529429224764	0.004521795662991238	-0.06844419555167339	0.010870798876818072	0.09394994882473089	
0.0633670217583244	0.018874524766195555	0.09519781366618099	0.08031251693386426	0.019121586720529105	
-0.10766898957502251	-0.07799773230863079	-0.1172769285440331	-0.027179908473497726	-0.0538130345099741	
0.07234191114350383	-0.06130340295774807	0.04596949886939805	0.02583069910412524	0.021109936568256733	
0.0217234385836018	0.03479303411465927	-0.014381340315337263	-0.10314521029433524	-0.03887796302656676	
-0.001585639701288305	0.046018242218020866	-0.006274331450778159	-0.00851901678211367	-0.07246745181087938	
-0.0906943859767901	0.05021427813565264	-0.02126366964621615	0.10507199644537524	-0.04232549340483726	
-0.026148922513717733	0.003431805287582674	0.06369686030680889	2.5152840031225006e-05	-0.06322828760369888	
-0.031521226101654386	-0.00042121907667205176	0.04877271148930218	0.061215531809133736	-0.061603485976658066	
-0.09541697373552366	0.0038164644423978877	0.06199774213248327	-0.09747924659402474	0.0344939689307468	
0.02669403460671699	-0.007800379558807586	0.062078647257853864	0.016240043563204774	-0.11933860251062693	
0.015964057465106297	0.06780738302338574	0.1073821606138164	0.05276554079293616	0.07244744249045472	
0.015699915957840108	-0.045176044966629574	0.01210599810721176	0.03434595696348405	-0.029514073956718234	
0.061117350739343004	-0.05857975266985419	0.030018078462828973	-0.05404145144358927	0.03495391118597281	
-0.014452534132784758	0.061539681822441905	-0.02929302746640193	-0.057261352474083774	0.053456901684353325	
-0.02104301734865662	0.04287451417574469	0.08536354225540037	-0.03490537357053957	-0.023193043717051866	
-0.05628709581135622	-0.07535400467188079	-0.0001343424195942026	-0.08840181101395975	-0.06201631185180382	
0.04702751814647955	0.05739252351158762	-0.0582209515691327	-0.039184529716313	-0.03494997956693328	
0.09533977503505357	0.03972081087878869	0.035856202586928745	-0.025221188728543495	0.09006957660118628	
0.008696754057340689	0.07999542463334756	0.08729128473391838	0.02131056904896906	-0.03077661757391204	
0.08898210819383014	-0.06665561127448989	-0.07098152434240658	-0.020904239829826622	-0.031183713203654477	
-0.0763895879095778	0.04723140835969393	-0.07488472642953864	0.021910279472080137	0.0392482287751145	
-0.05785352158333586	0.020190849621527993	0.04978567504916728	0.027643742124066673	0.019425460589329813	
-0.04090354286890059	0.04632129424830175	0.08906168799998995	-0.014887721947690613	0.05643636336628108	
-0.09324629627374177	0.06808142908432978	-0.07078350201010614	-0.026429729722812222	-0.048897581766696036	
-0.08397927123879015	0.08092620058724859	-0.02596916448925235	0.006139487695227902	-0.0011767468207349863	
-0.06445918191840602	-0.060559907229238576	-0.0647545471256087	0.012514187464319218	-0.02974472775382745	
-0.02544926097994249	-0.07882636853219503	0.06294978102795319	-0.07572345594754823	0.10212487579342212	
-0.07320321521630274	0.016452472074475272	-0.10705457983335524	0.04720633846450266	-0.07891544518662147	
0.005580795681625325	0.04801550863181431	-0.07001370301654881	0.010217434837394346	-0.05667655833424412	
0.044653775471814317	0.04620290519410886	-0.07826959324162044	0.06387663033204947	-0.10989885254146647	
0.07689815723684633	0.010779275052903327	-0.00912092989498754	0.05754697404285981	0.052963869895102746	
0.09197010578034666	-0.04317110631472929	-0.10923900194766313	0.08034932875630328	0.06083996977985398	
0.03201880050249347	0.0033633328791434474	0.02953978097331076	0.04107511370210549	-0.043769975712256735	
0.06017397745593785	0.04877744198939142	0.03536081120355432	-0.012373219146460428	0.0512688076268341	
-0.1132086486053479	0.05808664446009791	0.05013592824924902	-0.06894316908809668	-0.10326667374216968	
-0.05890245219724002	-0.038939884660476494	0.07081026232086346	0.005174867212724561	-0.0484230010729155	
-0.060214348647613186	-0.044533891246981316	0.04844736095344059	-0.020697285833982094	0.014996924410503532	
-0.011176578596677117	0.06562707214630242	-0.014730369152753872	-0.030860235764899532	0.034994320961821035	
-0.048359220353024895	-0.008155617984233463	-0.020084619842532098	0.03438479817278092	0.0902669862698967	
-0.018667331601407346	0.05881476658557282	-0.025590159365899732	0.02134449696277932	-0.09009965141039832	
-0.013403698606470366	0.08186239773098733	0.021095800206186927	0.053354917447420436	0.0009401216191788631	
-0.005715125143782891	0.0698619376464009	-0.09756219188667789	0.008099436893249242	0.07786808756695783	
-0.0021678744279722546	-0.05973921360695385	0.056954138683719464	-0.056541020919081864	0.028532245956362334	
0.0031061794187712786	0.09097433654193957	0.013883939801022671	0.061311458335350406	-0.1086216969627306	
0.09786801123332761	-0.0844570859335227	-0.03557409727704608	0.08923047909135307	-0.098212179525751	
0.07694341920803889	0.06953267277257168	0.01446285291512007	-0.03399284999949887	0.08526031024178322	
-0.014844310419853946	-0.07086139922985472	0.06397554425143115	0.06641251234269784	-0.02047889918459334	
0.07787127198966377	-0.017667888347432843	0.05147607778171656	-0.012432493018868394	0.014146221561887093	
-0.050015783510091734	0.09034933197654059	-0.015427698933388355	-0.06482864829585115	-0.04730098638922369	
-0.10035914333878194	0.04385983155773999	0.006695876142358124	0.055090783236817965	-0.004760214869067853	
0.06321496565305407	0.03815135567508354	0.06580467105567768	-0.012905838366190216	0.039132196194105	
-0.06404114046140513	-0.035636007322419214	-0.0654790759760415	-0.01827255499734752	-0.05171625040688024	
-0.03013832390813132	0.09758816808775903	-0.05785704714837716	0.0826900262636971	0.004946245693104078	
-0.024981796321217803	0.07149689981671933	0.02391734787371476	-0.04959338397383213	0.05857113559537752	
-0.006338960606437624	-0.029993379209107447	-0.018623139337913836	0.047576507131010685	-0.03265038827885988	
0.049136398045397475	-0.04089170454978257	0.0005361824268538602	-0.01601127219368673	0.05325765642989412	
0.06598947011535762	-0.06047054836153111	-0.005225571761755903	0.0659168696974496	-0.032649397856346046	
0.0865204508641076	-0.0447861133369491	0.02594041172889238	0.039007539227952685	-0.05032107817269559	
-0.09654264890136681	-0.0169198883047307	0.0891525268301209	-0.030566503647764445	0.05736193853345662	
-0.059375620871229044	-0.03300782100271271	-0.060357468309593404	0.05006742899563689	0.05079149911873382	
0.03742653620473692	-0.04933167401371	0.037988058628037336	-0.05483976777569183	-0.015546921823535904	
-0.02701013777738884	-0.02869842680307015	-0.09101811181248304	0.024708116325071465	0.038844509382895236	
0.025192220680650322	0.029001249002172828	-0.06132971286207867	-0.06726132447349335	0.007560573358292139	
0.06912522213464567	-0.06191539030212307	-0.018661903080980865	-0.02105586593205093	-0.01167396892484285	
-0.06838088502392771	-0.031440707801302516	-0.048867450312264596	0.06811138487631396	0.058801488586275624	
-0.02345438334892091	0.023274258857977077	-0.08803649702121687	-0.008460792114172182	-0.057492132621894926	
0.08826507462174538	0.03095489511607904	0.060937322234909067	-0.055569559816736815	0.026309421443676734	
0.09845220270075852	0.08932007796190762	0.03125362105508123	-0.06834735860676974	0.030023611088426324	
0.02394824765267665	-0.008791896564587013	0.00901863435731183	0.03301975233556191	0.09183054073741072	
0.06874542424445503	0.0119831328862675	0.12420932828217308	-0.06514596908103419	0.1338682070771747	
-0.08816160510434295	-0.06049304585782214	-0.01301010395530775	-0.07705753173332958	0.02716398640103815	
-0.09633332574612215	-0.041748012405026375	-0.09884641135826079	0.03370652317370357	0.022351220182902993	
-0.03541257988319353	-0.05983279926717594	0.027833516080780434	-0.0447845262807747	0.03780822447269576	
0.011265923799075515	0.00203601003011445	-0.06552769975712576	0.04522815599691654	-0.002956597193461011	
-0.03785452411115254	-0.01837576593020134	0.02798900452427075	0.013974486391057368	0.1328604152907884	
-0.06981173812652113	0.06448775129104091	-0.07932749485597188	0.025818762486396453	-0.11240104090649092	
-0.050364535313011806	0.08011334287599335	-0.06582342881001327	0.09122715059889316	0.020288735227283153	
-0.20681550358961248	0.15558565875200547	-0.5649733222211404	-0.3108432277935391	-0.5009989464047193	
-0.1258824551587128	
