            A        R        N        D        C        Q        E        G        H        I        L        K        M        F        P        S        T        W        Y        V
 1 A   0.1949   0.1846  -0.0905   -0.079  -0.0639  -0.0573  -0.0568   0.0178  -0.0187    0.007  -0.0146  -0.0549  -0.0535  -0.0617  -0.0628    0.037  -0.0421  -0.0169  -0.0574  -0.0651
 2 A   0.0012   0.0847  -0.0004  -0.0003   -0.001  -0.0006   0.2602  -0.0028  -0.0028  -0.0056  -0.0002  -0.0143   0.0501      0.0   0.0064  -0.0018   0.0029  -0.0004  -0.0645   0.0012
 3 A   0.1142   0.0449   0.0229  -0.1179  -0.0718  -0.0094   0.0739  -0.0339  -0.0384   0.0795  -0.1164   0.0734  -0.0522   0.0094  -0.0934  -0.0354  -0.0244  -0.0639   0.0162   0.1154
 4 A   0.0798  -0.0156   0.1179  -0.0015  -0.0814  -0.0359  -0.0309  -0.0159   0.0805  -0.0216  -0.0082   0.0671  -0.0653   0.0223   0.0548  -0.0606  -0.0176   0.0935   0.0454  -0.0399
 5 A   0.0694   0.0829  -0.0468  -0.0403  -0.0416   0.0313   -0.013   0.0841   -0.011  -0.0204  -0.0301   0.0813  -0.0091   0.1449  -0.0166   0.0164  -0.0179    0.103  -0.0212   0.0137
 6 A   0.0374   0.0049  -0.0491  -0.0489   0.0739   0.1154   0.0836   0.0172   0.0345   0.0338  -0.0428  -0.0497   0.0783   0.0441   0.0157   0.0462   0.0222   0.0766   0.0071  -0.0961
 7 A  -0.0181  -0.1043  -0.0647     0.01   0.1291    0.007   0.0096   0.0653   -0.068   0.0113  -0.0153   0.0646    0.011   0.0109   0.0672  -0.0091  -0.0382  -0.0038    0.027  -0.0571
 8 A   0.0789  -0.0658  -0.0208   0.0525  -0.0824  -0.1083   0.0144   0.0248   0.0108  -0.1064  -0.0647  -0.0008  -0.0301  -0.0573   -0.032   0.0441   0.1187   0.0147    0.006  -0.0432
 9 A   0.2085   -0.084   -0.053  -0.1593  -0.0313   -0.013  -0.0911   0.0879  -0.0267   0.0409  -0.0148  -0.0629  -0.1034  -0.0611  -0.0599   0.0918   0.1953  -0.0745   0.0515   0.1087
