TESTRUNID EPOCH: 99 L_PCC: 0.7244550118474784 L_ERR: 0.0289549136863769 T_PCC: 0.6901400837984693 T_ERR: 0.033897361004401404
180 LAYER: 1
5 LAYER: 2
1 LAYER: 3
99 :ILEARN
-0.03228171378529693	0.028894037499002892	-0.12352015555552441	-0.05086719675799318	-0.07448749318828775	
-0.07886551214010999	-0.07428457455124547	-0.0240796045887967	-0.012660444488594286	0.02611073944493834	
-0.02096150014216543	0.05838563112414542	-0.07058343177582714	0.05906537109823326	-0.1219706387325218	
0.033127272966474615	-0.010034017425717997	0.008804820164703752	-0.07583728084424216	-0.07014325272714016	
0.07235394479280176	0.039377512950179744	-0.006538416744270908	0.07394444712407978	0.16041462046637087	
0.11558308459096772	-0.237765973269392	-0.0002088540046791919	0.04039225476509155	0.32006793309094833	
-0.08033063323338999	-0.015778474998989572	0.09157790603010038	0.006633056994603412	0.038375422790094676	
-0.03689687379878741	0.03730018553631673	0.06692513437947459	-0.09634234453116164	0.050028862988993505	
0.1015181582723739	0.026375796103958217	-0.03328355267877256	0.07152707307428251	-0.04012563535399072	
-0.0070527205345416255	0.0658047072705889	-0.03262249476068299	-0.03354745871656414	-0.04933064257396692	
-0.10312719056214151	0.06739884486547482	-0.0739943867492965	-0.06868943967076618	-0.0487965901648434	
-0.10265476772078073	0.07473973678616876	-0.1044457459484413	-0.025831316378305817	-0.054010471444243084	
-0.0869142084916216	0.020549055794075555	0.01934274291417269	-0.04219139884932466	-0.14070770019296647	
0.0130764411729268	0.01098938325627877	0.01643992759326278	0.10385000869400822	0.049972724446029584	
0.09905780485326447	-0.13945917197889604	-0.02792137662583993	0.10889614194735554	0.07763669308361011	
-0.06872992749319051	0.10217979334042934	-0.0372345917101631	0.03629561855165575	0.008287148195302812	
0.06164915047534265	0.09092387662693265	0.012412632199960253	-0.07613315561114854	-0.14214864185823872	
0.07917724363921338	-0.014381762025741013	0.09296800942967712	0.03268829956368963	0.024339144041824357	
-0.07975987851866465	0.1009659864575322	-0.016566698915211602	0.007617603186071691	-0.037423443773102985	
-0.07511254243307502	0.1790851276020516	-0.04319911583394832	-0.16829235690764446	-0.13848194430420452	
-0.03467101964558077	0.0054116204515218536	0.07718841986215491	-0.028546047999500043	0.08170703018395983	
0.026890271433560778	-0.10979795117238325	0.09230023965079336	0.046201134903087984	0.11840307723518166	
-0.06553189833093429	-0.07257285007422445	0.08651909260743271	0.03936363229798004	-0.0867999654555875	
0.05109261052049327	0.050775237692249287	0.08460490710929666	0.042304951725694345	-0.07514580760556706	
-0.0902882872902112	-0.12410738995351617	-0.07895481270602682	-0.03215916708129557	0.11709957257438627	
0.051781396569547354	-0.17746909432083158	0.17756593000275908	0.048403204699160624	0.2494120020706875	
0.018483536307833483	0.0853025039520893	0.016344318086320097	-0.09101760489722997	0.07286615469466462	
-0.05550334785686426	0.06886254170817381	-0.027360239015928083	0.06711178396433327	0.03660683631850803	
0.011248046798083777	-0.072708954867863	-0.08801646209755767	-0.07573130885185253	-0.09108962429104767	
-0.07983817649260666	-0.051117932260710174	0.039704525653870865	0.00894367009285362	-0.10416955356084731	
-0.08560514406210265	0.09345526600005441	0.013620092383988425	-0.05934135306780191	-0.04953485108593532	
0.04876517081501858	-0.06091410377813625	0.01627178545465155	0.09400399781766247	0.06936576029800706	
-0.056581295014016965	0.020920193413924665	0.011741425010477372	0.050393231643868844	-0.10100671759645428	
-0.11227886246707793	-0.007232210683008319	-0.04545526342628656	-0.03429380947262162	-0.10723350032108396	
-0.034399136640610416	0.0853505025094288	0.02223201992167928	-0.016042133961318105	0.02865806880963402	
0.05992274961432883	-0.014280260710286648	-0.018874720306392975	-0.053989176058449155	0.050105113315597756	
0.030965589861165998	-0.08062682074142027	0.06329636015747261	-0.0716583557551735	-0.01179587261450028	
0.04012045724925286	0.030815790938965415	-0.02514398724555613	-0.05800724890192789	-0.05576982926630858	
-0.09075717721020836	0.05690276664767931	-0.051878903540173736	-0.06417518572672577	-0.1681816987119409	
0.09503552414418505	-0.13721241517185156	-0.030777586392972057	0.04909551683747136	0.1478503262459726	
0.09003522384941595	0.011330637639031277	0.08312126995325492	0.0283132417892675	-0.02199845717175075	
-0.007551471341685301	0.042458712024580736	-0.0023937834180249983	0.07052596675802329	0.048358618488507685	
-0.014589136448757891	0.05365390217754359	-0.04699912457547367	-0.05213180454851663	-0.013500199998151833	
0.009144560832834376	-0.13097659964234495	0.11016083001368009	0.08930447101801711	-0.03912960905771856	
-0.05759516375984456	-0.06406448050294947	-0.05616831664396871	0.0815691239909548	0.016117941384139092	
0.09739808557112647	-0.024468736025202092	0.09947136566166051	0.09580478495822285	0.1409104294374144	
-0.01856823159419664	0.053504344128174224	0.03276779791764886	-0.07376705226715673	-0.07147048311378036	
0.01673359643546124	-0.08167840441711957	0.010476818509259581	-0.02313260446004695	0.03993192515693673	
-0.0405913335851834	0.09297569843436783	0.006571905868250518	-0.07388315678544072	0.03467056276664145	
0.015495126077425762	-0.1259038740938525	-0.01932148626113601	0.04112367652891284	0.11227536877095608	
-0.07311107664238506	-0.018522344012327104	0.04152330965873334	0.16832475326168497	0.19541027232162014	
0.04400059232801244	0.10717299408363817	-0.028710868701490998	-0.1081559085466658	-0.12469327366810425	
0.050004352740532	0.07166276728580848	0.05101643769353603	0.03961144968946059	0.07289588601091998	
-0.06893201851590969	0.18043473127643844	-0.09440099592901799	-0.1260076960090113	-0.23749920238509878	
0.020796294481639672	-0.20278339554228536	0.12483784061975517	0.10036008505967926	0.34574059012994357	
0.035560178286862226	-0.06028602231457783	-0.014659798130393448	-0.0313307520451154	0.05952776079171332	
0.0730675735152498	0.09359698745353776	0.025388973951617287	-0.054668137750374685	-0.07054299219586382	
0.06490840865532563	0.037306152040662996	0.04399651480262728	-0.005844636322776264	-0.0034876987166033544	
-0.00899827157878077	0.11421043924864416	-0.018139699960576215	-0.047849850394381346	-0.12216826668571132	
-0.08696156079254583	-0.014718827962988817	-0.08672402419334117	0.09005833313452298	-0.07335916343725205	
0.06225127541045142	0.0741823983422	0.03772777766598057	0.014177858600729112	-0.06722334926097005	
-0.00518025448444954	-0.036975058717188335	-0.05146814420735902	0.022468267274570165	-0.027624043747909017	
0.05659025874113867	0.19570700646412845	-0.11525688520322167	-0.15871539130232268	-0.2404850189229663	
-0.007353667502926206	-0.005274115195782457	-0.061136544050997124	-0.03817138269204891	0.12171684002542184	
-0.01683025634649453	0.023337013431047243	-0.05326677215214999	-0.07960654811484053	0.00317140339370596	
0.03455940226638763	-0.23065392780817406	0.1215449312412623	0.11675770576477978	0.26529185644115844	
-0.07109089197506804	0.05030556342704878	-0.05559017204001546	0.0038703648732066054	0.05705920564432379	
-0.08561769373653405	-0.0759279661560881	0.09937184467076907	0.0975437127712298	0.0707494282933009	
0.06857205007223531	0.11155781371131132	0.05297803180613076	0.05611277018404034	-0.11563938827414393	
0.015619157704500659	0.10526986732360055	-0.013959651497494369	0.015214694400119468	-0.18606427818562518	
0.054249793570799225	0.05725273784702173	-0.04904226542626245	-0.05567212598627034	0.006541160681265423	
-0.040173758019687165	0.10336443563973254	-0.03497453229588195	0.027304550289935815	0.027600473293956738	
-0.0482168636580013	-0.03160626112080573	0.058608151628934506	-0.01897574651300264	0.03273404772837832	
0.025198857918443812	0.10936807736726886	0.0036715659600865436	-0.001989380942077865	-0.08684137522893641	
-0.043442453040741354	-0.030384850356534054	-0.10454804764935335	0.004375539005560732	-0.18107381773842585	
-0.009807675483741476	-0.0011403809753904762	0.0810308838768326	0.08750027157020322	0.05555250502854153	
0.0018619148994614928	-0.03829595292986799	0.13118071944050197	-0.022737674186838315	0.039195041816783814	
-0.04756538324541762	0.05003448265959856	-0.008604934512861442	-0.088614112317781	0.0017032481220479179	
-0.05760796707126481	0.05972084895204205	-0.040533723698545555	-0.09447879760909927	0.018686489892924207	
0.06708963342856153	-0.019597578776881036	0.04536838867727148	-0.004852674788676106	-0.0017945526235107244	
0.09188686421235048	0.060792178299729355	-0.09353538667528521	0.041877450246259024	-0.006999703687298783	
0.09420323838545415	-0.0746835155514456	-0.03482604456009696	-0.0703050106930822	0.014532152133673659	
-0.1139028448676018	0.10019163556903801	-0.014336866102372245	-0.033499047031422376	-0.09190754560776132	
-0.031509176031296035	0.06917029660553553	-0.014246245000111485	0.06480197408246377	0.02529923172485876	
-0.08071264068352314	-0.03757505917603257	-0.12139666684772862	-0.11726761850196878	-0.08294610579196085	
-0.04640685176550874	-0.21934307135433553	0.12713756451453398	0.06391215877791633	0.24012946082705855	
0.007482292175836794	-0.0831762941365918	0.03787503024339615	0.04304311229892653	0.17690601970768602	
-0.007163890964454895	0.025411611047025672	-0.061264836877901976	0.09185517253147892	0.011829800863595037	
0.010247415189641059	-0.03576983552476158	-0.026138544144000936	-0.14203033515459473	-0.0003835251777989316	
0.0632004957757746	0.14280593440537026	0.03679723441783033	-0.1262407606830027	-0.1977969367013	
-0.05551332222620174	-0.00915787860262372	0.09969096816209022	0.11978917918402242	0.09529291794187403	
0.043197155463714436	0.09440571032597449	-0.027076244398896044	-0.060327297907910325	-0.07675475579457837	
-0.0761085899332542	0.06252211760656576	-0.07064152531655138	-0.04714050345461987	0.06381783572670616	
-0.06874107496134896	0.2314069181068069	-0.12379073333702152	-0.09144880353952303	-0.25116753142143244	
0.09896173087900834	-0.09749558308330246	0.028796523100389097	0.04947644949949848	0.1882261842079758	
-0.0790178314635089	-0.01873279340459654	0.11507910210532375	-0.052067747711521326	0.09797119412033209	
-0.04913798590682254	0.13973887668951393	-0.025503650252814463	-0.007723808751131191	-0.11100312141347969	
0.01572080933519259	0.0035155169077784594	-0.12366271999909142	-0.015251586981419252	-0.10660881698295517	
0.010302592566458189	0.050789860487120204	0.00304934784104143	-0.029450368547850176	0.025155056941937638	
0.10244468715674254	0.018092145809161797	0.10923045568429549	0.13010075311010372	0.05658052407813456	
-0.08250355808928184	-0.054538052743062254	-0.03712467677718992	-0.06504682472873768	0.02141883239449209	
-0.018456920934575845	0.0694411892186591	-0.06623624556378314	0.03497607456649261	-0.059686771729691515	
-0.004790521189240149	0.059323555813859064	-0.13720612697709428	-0.11571371564140698	-0.10788284640200796	
0.012416422617339731	-0.05707962549074093	-0.03140428253025791	0.053609607389314716	0.19602474909043144	
0.05549072278549619	0.05471059199343265	0.0746943689944741	0.05547293191694523	-0.03851298118588625	
-0.051811446741610805	-0.2332343316490086	0.01256497573225935	0.09680452329396094	0.20092893530217612	
0.09032040209299001	-0.04480672591949099	0.08225415066679356	0.03878465518933517	0.029459499286686036	
0.02301228761056064	0.05016873569227432	-0.013897135343116483	-0.1089993757496855	-0.05349067844167454	
0.007749255285872783	0.0036633460234235787	0.017855787675415073	0.019397756802238406	-0.009529147463311577	
-0.11256522549394149	0.115158347396989	-0.07281776161233107	0.04882764778882916	-0.15047661116015312	
-0.026317776878602216	-0.028849711841740896	0.06718512773512966	0.012073002032135766	-0.028461083481305268	
-0.02701759215588644	-0.04173698035034203	0.060028319841251454	0.08271844974200888	-0.009558801869940018	
-0.09541697373552366	0.0038164644423978877	0.06199774213248327	-0.09747924659402474	0.0344939689307468	
0.043158722538928905	-0.035228366356867206	0.09845953606329927	0.04409813207930635	-0.04909651753863693	
-0.0031143108971248834	0.07186356121952	0.0660799140074679	0.029830839422495592	0.03473968477972633	
0.004787406936938175	0.0016455993940687965	-0.015698954969689868	0.0018437168001653298	-0.104995359406526	
0.07373742248701788	-0.07233783151837114	0.05592576275280249	-0.03453684535579719	0.07335177512812413	
-0.014452534132784758	0.061539681822441905	-0.02929302746640193	-0.057261352474083774	0.053456901684353325	
-0.06708565410760511	0.09391783907560623	-0.008684073759826591	-0.10852772828904304	-0.1505662394761808	
-0.06587062944453344	-0.0449360632540052	-0.03926454397501887	-0.11208490272644163	-0.11794802449247105	
0.0349128047526821	0.05995530737947727	-0.08389409457432283	-0.05365953790284159	-0.05847486763923713	
0.08346671261632613	0.042262903627297344	0.010776922210282855	-0.039096402415875954	0.0669708095263597	
-0.05877545479348072	0.20129130660911287	-0.05833999215684783	-0.11023059272665353	-0.28800090010083723	
0.09650715007583231	-0.06907301680345586	-0.05676916774716044	-0.01214387047082943	-0.014819799529813419	
-0.06880943546872191	0.03569148474402529	-0.0572508349649742	0.035209609074257776	0.06664354491496273	
-0.04533287634510655	-0.024412549114727428	0.08063071512558405	0.057646683557748817	0.08447987666285921	
-0.025951877356741475	-0.021764269014378036	0.12693873322250832	0.02839944864498381	0.1608537666418561	
-0.06932185937364582	-0.022092986898063903	-0.011835832680948562	0.037988068671097615	0.10117386356423741	
-0.08397927123879015	0.08092620058724859	-0.02596916448925235	0.006139487695227902	-0.0011767468207349863	
-0.08589919911058799	-0.005009186880267772	-0.11624034638952926	-0.035602360343648186	-0.13293801516557854	
-0.010730570840934033	-0.15453688492498963	0.10195412998760651	-0.02696871160566026	0.21713509025584785	
-0.05603264846373783	-0.02940863636873376	-0.06805780859803909	0.0854640713042605	0.006177776665229424	
0.005580795681625325	0.04801550863181431	-0.07001370301654881	0.010217434837394346	-0.05667655833424412	
0.016544824377654494	0.20420906737083958	-0.1537065673220066	-0.03795551902267266	-0.3239196465684376	
0.09048567194325306	-0.05576853173490795	0.02500303821286104	0.09925050299140842	0.14358140344422482	
0.12130630365705833	-0.14766346903124378	-0.039353236544962755	0.15397295644571057	0.22409212770976436	
0.03582917733477233	0.048833903154601024	0.015858813457357606	0.025503137396511184	-0.09392247110207583	
0.041498817943248015	0.10617600851185192	-0.009622662673666503	-0.05714108331052394	-0.0498122018636289	
-0.11041970069691079	0.11324859570222026	0.04920122526909223	-0.08962690884379064	-0.16727052886115312	
-0.05594320244125448	-0.039580653741980346	0.07660570171276684	0.008633286047618899	-0.042657670078713884	
-0.07232906204141071	-0.04197110737909167	0.02277421794825052	-0.03517229402051068	-0.008527963661800309	
-0.004084250966703942	0.032005385771944284	0.003660841270577118	-0.008971844859191707	0.08945045070493986	
-0.0718633769779335	0.06950336176132615	-0.07951807847826303	-0.02615620981641016	-0.04857073876209293	
-0.009725494786784679	0.05525839041616429	-0.007223792834188015	0.03241417791544271	-0.07073077033496598	
-0.013403698606470366	0.08186239773098733	0.021095800206186927	0.053354917447420436	0.0009401216191788631	
0.01630738183270027	0.0071812643351312835	-0.04598733628810968	0.05708822267915678	0.16979927705068135	
-0.0018487306362984137	-0.037159757067996124	0.056307933434728286	-0.06603386732501187	0.010814397144151718	
0.008052188079379977	0.08976725765604393	0.024867340480535183	0.06759559240954588	-0.09841342476109538	
0.08352741030587157	-0.014872924658457645	-0.07175296423081974	0.042030976450336925	-0.20492775398596746	
0.08045644789417199	0.00010718191626195395	0.029112132150968043	-0.0010001987429026228	0.16979897417938616	
-0.020456130259018414	0.0069746394769337585	0.042926902327319806	0.02559868354440966	-0.1203185319861246	
0.04410284878612579	0.019863048710111752	-0.016537875643301204	-0.0660750414077316	-0.08422238973848198	
-0.07315866567563659	0.14382979116435735	-0.06962703440013744	-0.11348757464097366	-0.1487045087312182	
-0.09184971385601214	0.02000818418400834	0.026180351321843424	0.06938691783861371	0.03745224457715759	
0.07512950143216773	-0.034138925370616975	0.09811145490334422	0.030968789177905937	0.1435117410980153	
-0.0260053666200289	-0.2126495074862343	0.032285658273474634	0.09694087199106384	0.2230766259529733	
-0.019335443936689404	0.10210473628832578	-0.03768925688423993	0.09018503088608627	0.021155525888429626	
-0.024981796321217803	0.07149689981671933	0.02391734787371476	-0.04959338397383213	0.05857113559537752	
-0.011862203222219597	-0.03022425820638191	-0.031089781968334153	0.040548984439838294	-0.04124570350058519	
0.04223413866375002	0.045151982657900956	-0.04107578849785316	-0.06156091648092547	-0.06309494870539871	
0.0855236299235104	-0.09705916338303595	0.03685953751694476	0.10188014042760118	0.038896098226277674	
0.09169608766006591	-0.08323911781215607	0.04162429380790127	0.06150386375928729	0.0018595443427425822	
-0.09724649748845665	-0.016655207525860777	0.0876963783713468	-0.03139437803391869	0.055948859096520004	
-0.06505273743451852	-0.031609432739509516	-0.07108045583238065	0.043354162829275206	0.03986152473936283	
0.0408879217440249	-0.06759181895884621	0.04745704441993932	-0.04320436146498378	0.010990182136871446	
-0.025615575666462553	-0.02893841767597556	-0.08846903855174873	0.02632932537318794	0.04146332053633989	
0.033389813655995866	-0.026357935118056328	-0.037390100000912106	-0.03416802685000031	0.08669189086096217	
0.08487614088496902	-0.11502691063914049	0.01889886949584933	0.0187740360199837	0.07553797106917286	
-0.05736335615652741	-0.08732433728080963	-0.019385803957891624	0.10487785822662682	0.14367863519132834	
-0.021165877734943085	0.062956482680501	-0.08932047317790058	-0.033186137403265675	-0.10335659840112753	
0.03175470377760181	0.21335483286382267	-0.0753886741793839	-0.19896229175543295	-0.27230084386275266	
0.09731455591737631	0.08965983481453302	0.029017128052088725	-0.06965502579360527	0.027825369743981004	
0.007026402349590666	0.02200228325071016	-0.029992274524834852	0.0007545226416967565	0.026108900013833036	
-0.016527208131818936	0.2875989216585113	-0.08162011179795235	-0.27823961222869537	-0.3319168966606957	
-0.08364523267656211	-0.09227089878919048	0.0006006045731153291	-0.05843490865165879	0.07173298856987373	
-0.08080730024933123	-0.09498417267409474	-0.06176261718353626	0.07407097476381055	0.11083663596470059	
-0.016320673754287255	-0.10518257356103705	0.07129921212161922	-0.004757981844076167	0.12275404043844132	
-0.017138443273715154	0.07337283397313232	-0.1309313913286433	-0.018977377311612132	-0.12406563458772589	
-0.0006792698137566749	-0.23442648594597915	0.10986502929602457	0.14278082051693708	0.4257395146956733	
-0.02712438592635391	0.0548820266672079	0.010553519309978499	0.07782621782149657	-0.02900942977008561	
-0.059175161830654244	0.06802880148610285	-0.10140675101492727	0.06592915159730525	0.007030309396476314	
-0.09696072655358928	1.0592005214124576	-0.3954545847131655	-0.5659020502892967	-1.447605943839046	
0.1450534976777292	
