            A        R        N        D        C        Q        E        G        H        I        L        K        M        F        P        S        T        W        Y        V
 1 A   0.0007   0.0379  -0.0636  -0.0944    -0.06  -0.0842  -0.0182   0.0146   0.0067   0.0545   0.0326   0.0261   0.0152   0.0178  -0.0438  -0.0092   -0.068   0.0152   0.0292  -0.0137
 2 A   0.0581   -0.015  -0.0238  -0.0162  -0.0102   0.0068  -0.0066  -0.0013  -0.0431   0.0323   0.0103  -0.0315   0.0332    0.016   0.3666   0.0062   0.0074   0.0522  -0.0081   0.0277
 3 A   0.0452   0.0706   0.0145   0.0129   0.0579  -0.0444  -0.0046  -0.0157  -0.0003  -0.0287  -0.0786  -0.0255    0.011  -0.0154   0.0242   0.0166  -0.0422   0.0025   0.0343   0.0079
 4 A   0.0212   0.0139  -0.0351   0.0065  -0.0254   0.0205  -0.0056   0.0217   0.0556  -0.0179   0.0145   0.0375   0.0199   0.0161  -0.0087    -0.02   0.0606   0.0895   0.0139   0.0373
 5 A  -0.0022   0.0924    0.049  -0.0285   0.0264  -0.0147   0.0135   0.0648  -0.0263  -0.0111   0.0133   0.0622   0.0749  -0.0089   0.0619   0.0504   0.0179   0.0118   0.0474   0.0141
 6 A  -0.0537   0.1171    0.042   0.0196  -0.0245   0.0173    0.036   0.0595   0.0206  -0.0136   0.0126   0.0608   0.0409   0.0154   0.0535  -0.0042   0.0563   0.0335   0.0184    0.046
 7 A   0.0394   0.0072  -0.0003  -0.0541  -0.0044  -0.0171  -0.0387   0.0303  -0.0075   0.0293   0.0174  -0.0214    0.022   0.0425  -0.0018   0.0128     0.05   0.0224   0.0237   0.0322
 8 A   0.0607  -0.0236  -0.1012   0.0069  -0.0658   0.0052   0.0005  -0.0042  -0.0283   0.0446  -0.0198   0.0025    0.012  -0.0034   0.0494   0.0186  -0.0133  -0.0215  -0.0382   0.0213
 9 A  -0.0128  -0.0467  -0.1374   0.0645  -0.0228   0.0022   0.0183  -0.0085   0.0794   0.0112    0.088  -0.0275   0.1738   0.0649  -0.0118  -0.0636  -0.0495   0.0111  -0.0374   0.0033
