TESTRUNID EPOCH: 45 L_PCC: 0.8929831566302623 L_ERR: 0.008431241551254572 T_PCC: 0.8447062173612127 T_ERR: 0.01218988579150602
180 LAYER: 1
5 LAYER: 2
1 LAYER: 3
45 :ILEARN
-0.012482148590377712	-0.04188022721523481	-0.15124346181666803	-0.0419547580245294	-0.16658600589380673	
-0.20835074663192973	0.053864900340331714	-0.22355183651701033	-0.12991508123635787	-0.1877771206370715	
0.09092971183252252	-0.16314506015926458	0.048618169482451803	0.17511212751052965	0.06256016203307381	
0.21773008093657725	-0.17465947308740026	0.2478118079710756	0.07938487250270489	0.1990828015906166	
0.04064003130862796	0.05598541644845828	-0.10795534329846983	0.019942555612009773	-0.020271147223366294	
0.027817900756638373	-0.01015093155893792	-0.15004852973910765	-0.1230028486965591	0.05764207631126659	
0.029008745703831666	-0.06467106746163927	0.2196377640915382	0.08356522693414525	0.19981986655846634	
-0.16636986121148803	0.23153618328384007	-0.23559372918519442	-0.15690556829563623	-0.3048393648998528	
0.09988015793294652	0.024374722059184162	-0.10972483329336313	0.06691546967974575	-0.06713230229969364	
-0.09067590467193062	0.05781859481427557	-0.06751004923926093	-0.09165409431705232	-0.12415362921003671	
-0.15819390582304155	-0.03574909419455631	-0.03287515313514029	-0.08111908976258812	0.006389636076859708	
-0.27552550902740286	0.20605002759093896	-0.34921545227933615	-0.1257226153512132	-0.2322269971507113	
-0.2276212869091763	0.05437039732295864	-0.10283211046763178	-0.11964836514788858	-0.2299236778674097	
0.025377595797915188	0.012498186055158522	0.024367326310915313	0.10640873706600262	0.05212228392940628	
0.17215998855862558	-0.16743708880340968	0.041124398810108695	0.13781081874884019	0.06706305559543471	
-0.23210516863533465	0.2577940030646052	-0.34834979801304317	-0.12428483482465189	-0.3419446350146136	
-0.11706782785066666	0.2020559380858517	-0.25545612690741537	-0.2174609289432536	-0.4371211525802617	
0.0695278690328067	0.015385183608119952	0.05466385051561344	0.04616822397221378	-0.005959960881216134	
-0.06975009786016163	0.09286379313461667	-0.032452280128738784	0.02367638649681622	0.004936295938758427	
-0.15197282904646756	0.09843428194526459	-0.0724962185573423	-0.18085359081127353	-0.11393417892072855	
-0.10328089547701541	-0.017815191919493475	-0.13869583184757345	-0.07743489120348428	-0.1649353182120043	
0.18208955102385455	-0.20556049341282928	0.23047060725474042	0.16108937591256708	0.27431179626878427	
0.02921646631010584	-0.18143274699806874	0.12950961705535002	0.10111898500886177	-0.05530511575004945	
0.09521710489591328	0.020279657674997363	0.061537764037753226	0.07114975806954311	-0.12464576863468733	
0.05083654149122399	-0.36345248898053795	0.0597660968616469	0.0820821751052017	0.37287360301766004	
-0.21917597607067324	0.40881788902959443	-0.35513956190127594	-0.24176422202520065	-0.4734594445754854	
0.040322466896067756	0.1469681634798686	-0.032185049606716205	-0.07088986165525418	0.02554240948128144	
-0.020862727550325557	0.036940005774678014	-0.0689179812921709	0.09671049476437371	-0.016833771857522932	
0.17072383671986233	-0.11390650295222182	0.10572882022550961	0.04723177112589167	0.1511502552474191	
-0.3535283066462015	0.029041510815438043	-0.2603112074572677	-0.1731963475560813	-0.507495681761521	
-0.1879487597636537	0.060507265029380655	0.01532177080563912	-0.12371990238316737	-0.08258929401789705	
0.12056645251329451	-0.08150994245933763	0.03163833376093377	0.14956918039240813	0.09129980541002776	
-0.1308047207936749	0.012519079971274135	-0.014423792726527662	0.029123530673998962	-0.1297389776130682	
-0.23921971906024114	0.09547108612091285	-0.0395871978673802	-0.05569458333661638	-0.02159796058777415	
0.05073073930888707	0.06849774435085054	0.057151661738886826	0.03173430045501829	0.024560715691206058	
-0.2873960119632731	0.3831199594325727	-0.6549925907773138	-0.36294720905050426	-0.6884585737142531	
-0.3041327254490263	0.13610568695516848	-0.4984856892904591	-0.3473395904466648	-0.6743845892868294	
-0.09976299594275874	0.15662976267130144	-0.17257984256056613	-0.0783714024708917	-0.1358272114334436	
-0.08814020007303662	0.018423477401697724	0.033868695938823565	0.04454531269316803	0.08934013588019196	
-0.2607453888247404	0.0484163001259072	-0.5253721376335195	-0.2243698784664644	-0.4885674110488636	
-0.022200145019953436	0.09213431682794516	-0.1540508764937884	-0.0590952308406599	-0.2936086798455629	
0.04602484561550368	-0.05025335389171976	0.13447435538865796	0.16642251471920277	0.27306603619168707	
-0.14093386331386426	0.20083339141927511	-0.2527760712557069	-0.13119458733054115	-0.26611529397429956	
-0.03569610752169134	-0.028576750722425357	-0.06351839181970109	0.06965792543459236	-0.25149114166278563	
-0.08161167540395052	-0.13918424793739728	-0.25903601817679367	0.08544085777593016	-0.29401464036036085	
-0.061379361764667496	0.17434529547052152	-0.17794241315151632	0.002362476891979938	-0.20812144174606972	
0.043225194412026324	-0.05014558065781848	0.09572986718491867	0.03780206508393285	0.061170851145925124	
0.03512386878880958	-0.1599430490585977	-0.03264120812253438	-0.032242498855225774	0.0020998815425069465	
-0.006587439142739728	-0.01715435952984521	0.139051838948296	0.009002658954292362	0.22785577144044894	
-0.028654656634433187	-0.03170500071323288	-0.08014826937630101	-0.005270502094816562	-0.044760749544071256	
-0.06175331451456505	0.08066490248198419	-0.012243413636657562	0.11096774008461634	-0.00857611717423548	
0.06396837243838426	0.014431446753017892	0.04490128447578974	-0.0035139864427684705	0.11278341550535889	
-0.11000354550259064	0.25725338781534474	-0.24502283549716333	-0.09319161426058167	-0.28824273428610964	
-0.26037283777392806	0.2887940075252622	-0.18040125364790818	-0.23738450403013492	-0.20028817688630093	
-0.039748234937211815	0.0046923721931951545	0.007697951622345958	-0.02018746072045353	0.09051638368785547	
-0.12249093229947611	0.047767376404423655	-0.28403677273504885	-0.12410924485597703	-0.20817258031614977	
0.13083603796260226	-0.0481708709199516	0.1182814969395926	0.02008871548961106	0.0637521548437644	
-0.052082870332613274	-0.0012094730266214815	0.016551806569355995	-0.09032263713634354	0.003706674991512485	
-0.24110501145776236	0.19386908137131031	-0.14756942871868917	-0.19328969737714005	-0.18801786169923893	
-0.03767404096633028	-0.1398794109200183	-0.0064098498464045485	0.1520264102766998	-0.030960677577638453	
-0.041247057781417906	0.17869285321197687	-0.19411393048468714	-0.09209155706912989	-0.2568444209029655	
-0.05777027248515399	0.033400030030075155	-0.11658809703415379	0.010670412971278243	-0.16183540371832517	
0.07875233448528096	0.097608286589342	-0.07922341657918294	-0.05901701936026671	-0.1422758706998492	
0.01620401666457301	0.054818779120876564	-0.05662624832464742	-0.032698330677445646	0.0818594441122266	
-0.020806567125202242	-0.06607396875766498	-0.0784220411861207	-0.04370236882993526	-0.0076502677882915775	
0.015981732186759027	-0.06346461089180516	0.06615734113671347	0.026301312548230774	0.033139221192879265	
-0.07234407998110555	0.018456093475912125	0.032720021205146686	0.045639824918778826	0.12828777354486964	
0.033128928574720065	-0.14916854739746743	0.04834113945941077	0.12910724261221962	0.024682387294084226	
0.08071084780600148	0.04504515491792731	0.10085607107296371	0.10898053073791956	-0.05513470337484416	
0.024474645630232526	-0.07901494434909573	0.07908045187933042	0.0678625575812264	-0.011140651062433367	
-0.050165382715198485	0.04336248223199952	-0.11896181735688657	-0.10842610080793841	-0.042560107811289445	
0.04991345181101023	-0.008438271724449454	0.1119455590423233	0.13786539587813465	0.19653520720861375	
-0.2105810591281894	0.035578734471787415	-0.10129809010680899	-0.09618677623728886	-0.08429651743750041	
-0.10384104230075411	0.16373001778588775	-0.048469565569606486	-0.038796797537418264	-0.18750810993527037	
0.03228349225908804	-0.03270216390637873	-0.07451256484223216	0.03241882538500785	-0.09138866977748081	
-0.07331226062055744	0.13625704156251978	-0.12712048236181217	-0.02823960774577986	-0.23529733042012754	
0.07666523726741996	-0.10259101529529434	0.1980468638569991	-0.024199122013651056	0.0375903846200091	
-0.010574523993116623	0.050442242834497004	0.07973238321675964	-0.03847897410907607	-0.00270154472572651	
-0.03153117630703132	0.002534111861108396	0.07370727597391859	-0.03628070098652877	0.09097553025343656	
0.09724375097814032	-0.1918157635732868	0.1369618591781516	0.028558050408751184	0.13155139569408986	
0.1584429029756687	-0.04007020134362953	-0.050775188272179986	0.07606596952038709	0.05228257814263615	
0.17430645604940986	-0.13194870679318196	-0.04515138450542795	0.005358015072055609	-0.08614641781430876	
-0.07103773107170326	0.08061202279930436	-0.008860924222952551	0.05694863234169368	-0.07386034315264933	
0.13151472015300983	-0.037901642190009556	0.10402416834060202	0.18604750853033522	0.09512004685933123	
-0.08800947702547202	-0.18778143187896573	-0.033934087309670416	-0.09976596333401871	0.0595095690967491	
0.005536813645047524	-0.08798149621508618	0.101683259706413	0.05236987441767588	0.012638202758540886	
0.05333529720921188	0.011752912229301322	-0.0016233758344613115	0.064555542793693	-0.026150380562407715	
0.05784904479720531	-0.04738498573478697	-0.04472729152239025	0.1006751432534835	-0.040837899908270546	
1.2164345879957278e-05	-0.034897164016459675	-0.04245692492285796	-0.08996274043801361	-0.031900533508538255	
0.03811504457634523	0.014424445918525403	0.030900721668125436	-0.07939699192049032	-0.03638394329828636	
-0.0993526334744024	-0.02179738846560684	0.1044226228348701	0.08699485170159495	0.1177018904808414	
0.17808698154451733	-0.01699342025649852	0.028881271433491573	0.08152285140126615	-0.07891913287359847	
-0.13226973087683527	0.1007969999935663	-0.10690924322826639	-0.07256349061320247	0.025405910964105407	
-0.23430604326227494	0.16302274774192452	-0.05896300978213463	-0.12493460677098138	0.052714270265791195	
0.05189362952598234	0.09316662743102429	-0.13102815257553596	-0.028093014272260592	-0.09306230197742187	
-0.11843853164374805	0.1273761911817125	-0.050238837114346915	-0.1468145946659682	-0.13185784415871982	
0.012159422232045448	-0.0028675736119479767	0.010132051974608446	0.06483859229461816	-0.0015699710963828022	
-0.047233703640839154	-0.016669966627998037	-0.04896627624295029	-0.020594739887677235	-0.0015307274400039885	
-0.06884443864357298	0.07180026030705405	0.05188999383922458	-0.09065571947232029	0.10457639592696351	
0.036938264447370396	0.07019299249668501	-0.04362100913928886	0.06005267370855311	-0.09953580481663082	
-0.15280555575951754	-0.04143207322542667	-0.0824163579382994	-0.08122071420491787	-0.07042383572530612	
-0.03201307333539715	0.06491013861683667	-0.13068303036886741	0.023695104199732645	-0.17563337581042804	
0.00026568609591804857	-0.012605202736669997	-0.11707479658643342	-0.06739942013780063	-0.10412095738513473	
0.12022565079427504	-0.09704087876444716	0.042948286593326036	0.0923372705647305	0.11587263337589819	
0.016642880809844378	0.01024458814598342	0.06608142211378307	0.10808803520810242	0.07577478489258013	
-0.06979550937625838	-0.06977882561311838	-0.074687741098937	0.018829931929039603	-0.05142693188546751	
0.15980871830127658	-0.13246094089751423	0.12166248888873371	0.112134565962911	0.08011150538152505	
0.058369565281283516	-0.12100708526481217	0.038928628194361346	-0.10937445473235778	-0.018420147436969358	
0.04445277551361764	0.03375547661177184	0.08103352606434222	0.004695833011828034	-0.09099203176768397	
-0.07978022926060285	0.02666587948543557	0.05740629216027549	0.14202822468966617	0.03721857937952796	
-0.05413151034814506	0.035117079255331814	0.019476452533312018	-0.016917709552239733	-0.053769284640358024	
0.08024883389692739	-0.1505491466513929	0.16604362891804839	0.15384950330328961	0.031028839782281308	
-0.1271807291180172	0.0636662158691883	0.04808330487808986	-0.11104169000038332	0.06067643881429758	
-0.1333128374288789	0.1255245783559701	-0.13087042042693706	-0.10804913728146141	-0.23740071651717018	
-0.04208978196202517	0.11087783323394217	-0.03585580068151956	0.03387352933562291	-0.1076187984496577	
-0.06708676407962809	0.0018836541769387146	-0.05750249706790193	-0.00719477865661284	-0.15456622278781185	
-0.0349893567568237	0.03290498011856267	-0.037783646991763724	-0.09318608318181314	-0.05403510555925707	
-0.06000142166327616	0.04693057959947833	-0.05829264215875995	-0.06216647594616926	0.11434267689791149	
-0.023835079819806038	-0.05407524520687404	0.1847060479648627	-0.049435275595493315	0.08809157775088326	
-0.051446965885023996	-0.10519198960020362	0.07121616981934392	-0.04645323877921504	0.014692667239593778	
0.0700368860080075	0.0773694142671565	-0.05482000102328447	-0.029701295181890477	-0.08017739908600396	
0.15718769167128321	-0.020645184213497786	0.13010146280883106	0.05579118109680924	0.2772507600857662	
-0.004988480939644222	0.1344063159892931	0.09859318042358782	0.025309011301203003	-0.07372057593344336	
0.12371410215353029	-0.06239883094182851	0.016952422599954334	0.03678705654279166	0.01728378722779617	
0.025478399525338778	-0.12767464341986864	0.03055898306967217	0.1345425396299948	0.10789150283529664	
-0.04183220501057183	0.03206700714024975	0.0618430777173915	0.06574396851030202	0.021096247238515588	
0.03685011582916027	0.0255670323443701	0.20572207271093593	0.06669064981657409	0.18688848512413767	
-0.0392586394094036	0.038410265803163604	0.05401914655964621	0.05277691759032243	-0.005904402622515982	
-0.07435008892922769	0.13992501814313582	-0.07683417719691325	0.014184431864405152	-0.044383159532386765	
-0.04994921142172752	-0.18892763771965315	-0.10003147565270604	-0.011309696690624087	-0.09022145982270861	
-0.15347568283869198	-0.06371492139517973	-0.16780857625982923	-0.1920629101689379	-0.09643972687554134	
0.012667495691256006	-0.06208910968081709	0.07527624141742373	0.16485916629292127	0.12342604029218585	
-0.005420594638922725	-0.014986323546750857	-0.16446282594281222	-0.020582620666184184	-0.14701458946590595	
-0.005895414724356307	0.02665630157972224	-0.22254633973817411	-0.024921204495557923	-0.20550834691166073	
-0.04343793377677118	0.12983600005482457	-0.11947081200498044	0.0013838391123974791	-0.028827612714711938	
0.0023399167911613786	0.10809240350662758	-0.2056183031534188	0.023027506530783382	-0.0625314073749023	
0.042146255536829894	-0.011116877811254942	0.06328982388941463	0.05695858326150224	0.032810100444806284	
0.049445668404788326	0.00463106995535151	-0.07008582303376808	-0.04565114770741591	-0.10966037776628344	
-0.044818393619307076	-0.037015621859506014	0.045917156108687164	-0.05029836657787932	-0.09140366681269445	
0.00011364585401676571	-0.16585792752938003	0.09999333470556332	0.024204739682978146	-0.03794134286482408	
-0.12900585263652767	0.03327210067501418	-0.00593972119864919	-0.09017694569997688	0.015354937644526119	
0.003911834521617269	0.0481312529373934	-0.10668147049714462	0.031022147152027776	-0.13868145517469183	
-0.17935201950254162	0.13557591492315751	-0.18385822374878347	-0.04742812429993222	-0.16793225521274252	
0.0864230079165896	-0.1597134671147957	0.19195918839614465	0.17918010137178408	0.08573060656794072	
-0.0903713657377442	0.06538334803038685	0.007270970013988674	-0.006019486114126984	-0.010174334298480596	
0.012303735115278243	0.021854132804813572	-0.11681881546440362	0.07005805471653208	-0.018318891160744102	
-0.0383172326425354	-0.03851088591978108	-0.02971808391618966	-0.03719469720284741	-0.11974423425795881	
0.030552467411139626	-0.028756052810404012	0.1000975618000917	0.1327513817394794	-0.053113717872895684	
0.22708870646962176	-0.23631493888102784	0.01133654851745818	0.22063528336318644	-0.12290402635686856	
0.14764541421720176	0.006374697395182708	0.17059781393962714	-0.05439872980553491	0.35502135849264255	
-0.1745679121081882	0.15925257056374784	-0.19645358739009006	-0.1182888827517781	-0.18601325266893784	
0.1649917450786494	-0.14159707153020995	0.09048675685100495	0.10982330526620576	-0.00945177858218298	
-0.035760839060292725	0.09900843386004686	-0.030747232528744388	-0.11792787436169887	-0.008326225441576147	
-0.1241727593082501	0.09581680126448149	-0.15001818668370537	-0.02874396919975128	-0.15752499422738214	
-0.02042543686667005	0.17508824521290448	-0.12154482179312609	-0.03831556045505124	-0.2176960708841464	
-0.08938687895884766	-0.018003101097327504	-0.08547983874416364	-0.019542412963485942	-0.13207881511243993	
0.023465768756329053	0.06396665152955815	0.053909720518099724	0.12770682297150412	0.11989313823069835	
0.04519520020877751	-0.05026398515445837	0.05635358502449753	0.01340693678217823	0.042107128252780734	
-0.04114069512267726	0.007623055542565479	-0.23247926499737562	-0.018717536341901174	-0.31575983063773033	
0.09757592300730038	-0.042503190419132274	0.13498485203700214	-0.036972397491633134	0.29562259455085527	
0.08183171146628657	-0.06158961265074106	-0.023836806990761135	0.09338891279854457	-0.06222949338473916	
0.007361993924994024	-0.09696267328156434	-0.10776264826139705	-0.018877749296039022	-0.21800611199521702	
-0.14678717170249156	-0.11731291011434906	0.017301898478679346	-0.030906685322672878	-0.023724678652912588	
-0.06489909285799082	-0.16833638437820142	-0.07941742935101016	0.07432930061066509	0.010700745802412344	
0.06605241383780472	-0.07206469176981095	0.03200821501348102	-0.019794627539622748	-0.033424214877769955	
-0.11708406750928861	-0.106716488087268	-0.20675947314095755	-0.04153759071538989	-0.10842775701624341	
-0.07351927333877104	0.006855703824230772	-0.21921585285045203	-0.12398011747993001	-0.16997473486439624	
0.09206260968057729	-0.1610334302769191	0.014148909946448934	0.03053585192136073	0.015102563641875033	
-0.08322107717800654	-0.2508083438077263	0.009302277258694952	0.09487085163861261	0.11309490876092824	
-0.15025151346415774	0.3109827836003844	-0.312193553152729	-0.12055240073378512	-0.3136072263813351	
0.12775707652684756	0.1341100529319926	0.07016080471833148	-0.06241268697283845	0.014430035818972235	
-0.8361198585019572	0.9482211966522636	-1.3564721618271351	-0.7539904532876525	-1.42460515425842	
0.1199513585760236	-0.05157144327830217	0.13181512262433576	0.08106656985935375	0.1993388714616666	
-0.062182128794121605	0.20603410375864614	-0.009619893835298727	-0.19799690960924943	-0.025480569879735446	
-0.2447847159298882	0.013670949011252773	-0.2612856622693474	-0.1648810082643519	-0.2426105076354264	
-0.0973125489394655	-0.14499298679062753	-0.10674536849980824	0.06498305593782314	0.005935588004220471	
0.16544067386302383	-0.29520866589560407	0.29165947031155465	0.13042046708033408	0.31115986309803284	
0.01867830931508715	-0.03404091281135269	0.05859197259106342	0.03982465974033673	0.1657603959932787	
-0.5460263726601184	0.4527623130211744	-0.57545365308058	-0.4197393698953466	-0.5535804804320658	
-0.03177688461250109	0.18879175371785148	-0.0390674481139161	0.0553929955209354	-0.10410755508013837	
-0.042555184346214296	0.14724293291774343	-0.053644075349324805	0.06574498817351035	0.07529901465482967	
-1.2492548772442449	1.8214079808335446	-1.8743112798001713	-1.077606290642035	-2.1187006115183715	
1.2206372379211803	
