            A        R        N        D        C        Q        E        G        H        I        L        K        M        F        P        S        T        W        Y        V
 1 A  -0.0409  -0.1866   0.2484  -0.2736  -0.2932   -0.253   0.2725  -0.3145   0.0288   0.0128   0.0285  -0.2133   0.2342   0.2024  -0.2251  -0.0493   0.0203   0.2701    0.168   -0.121
 2 A   0.1571   0.0847  -0.0691  -0.0799  -0.0374   -0.073  -0.0751  -0.0834  -0.0597   0.1373  -0.0184  -0.0615  -0.1569  -0.1255    0.464   0.2127   0.0093   0.0606  -0.0872   -0.017
 3 A  -0.0386  -0.3438  -0.0339  -0.0443   0.1573   0.1308  -0.0245   0.0248  -0.1163   0.0275  -0.0628  -0.0615  -0.0143  -0.1087  -0.2074   0.0216  -0.0099   0.1672   0.1007   0.1984
 4 A  -0.0668   0.0239   0.1101    -0.06   -0.176   0.0385  -0.0077   -0.021  -0.1298   0.0061  -0.1157  -0.1093   0.1992  -0.0613   0.0781  -0.0879   0.0311   0.2788  -0.0509   0.1571
 5 A  -0.2706   0.1129  -0.1199   0.2099   0.0729   0.1926   0.1309   0.0277  -0.1308  -0.0451   0.0785    0.086   0.1642    0.012  -0.0913  -0.1154   0.0829  -0.3169   0.1921   -0.044
 6 A  -0.0274   0.0107  -0.2417  -0.0038   0.0733   0.1098   -0.071  -0.0448  -0.0873   0.0808     0.14    0.204   0.0563   0.1794   -0.088   0.0093  -0.1429  -0.1234   0.1302   0.1104
 7 A  -0.0018   -0.209   0.1392   -0.211  -0.0201  -0.1264   0.0324  -0.1385    0.089   0.1141  -0.0637   -0.065   -0.029   0.0062  -0.1034   0.0645   0.1105   0.2253   0.2608    -0.17
 8 A  -0.0513  -0.0024   0.1652  -0.1584  -0.1194  -0.2165   -0.141  -0.1591  -0.0837  -0.0727  -0.0233  -0.1063   0.2171   0.1643  -0.1246   0.1577  -0.0369  -0.0073     0.12   0.1014
 9 A  -0.3405  -0.0245   0.0217   0.0595  -0.0621  -0.0871  -0.0778  -0.0025   0.0192   0.0573  -0.0541   0.0735  -0.1254   0.1002   0.0092   0.0444    0.061   0.1712    0.115  -0.1392
