TESTRUNID EPOCH: 99 L_PCC: 0.8641579705787799 L_ERR: 0.0036163397490764633 T_PCC: 0.8223440272122309 T_ERR: 0.0047738132051567345
180 LAYER: 1
5 LAYER: 2
1 LAYER: 3
99 :ILEARN
-0.001495924773566305	0.040256671225411024	-0.06600469807247612	-0.011821187971681277	-0.01329637956595748	
0.10904574604602013	0.10318621249320514	0.20268091903719976	0.19002115836178837	0.297106139356205	
0.0445608234678909	0.09718890655597875	0.0059251390648052404	0.13457369529525876	-0.014040464526212245	
0.08566308617853612	0.03261574591108941	0.06884071826141411	-0.006251254099046808	0.039584977377857315	
-0.03902365783438083	-0.0034975427666800057	-0.1376136729053811	-0.06474568605251588	-0.056712419350281824	
0.12183989619679739	-0.0325531960992437	-0.028498886097811243	0.004800484630633877	0.17426489220622016	
-0.04702104150693012	0.023940304198417427	0.12984482454306337	0.05418066941896017	0.10520669280729854	
-0.009285738035052222	0.06434405906828532	0.1130288239156789	-0.04944246959795652	0.11465371910573777	
0.027624982272430553	-0.023212215091545557	-0.12289760224753635	-0.02694763650647178	-0.1743313700631398	
0.0421686477598691	0.1192547055458894	0.012341481233697514	0.022416190081070753	0.01087673390487664	
-0.13815773030889275	-0.0269804146405169	-0.10873071006256327	-0.09932540379053807	-0.05110166186940227	
0.0841928423557509	0.18325394223604133	0.12312700513544764	0.21813807532108903	0.2989459040767424	
-0.08735286368603576	-0.02571094010415785	0.02832947710739599	-0.028332163621176524	-0.0862599626591347	
-0.04700580371085975	-0.022400757328420316	-0.04963863765563541	0.01775561660208123	-0.07103442999859244	
0.14635827869434895	-0.020705156787382942	0.009449660904289815	0.13680326140240215	0.06895173174539337	
-0.06945701802870773	0.0668057186930503	-0.019812600266541355	0.053462501839233	0.04683538651870079	
0.046004790581326706	0.0010373067344683624	0.013910204960651528	-0.05853911082998052	-0.08301606021035816	
0.046928192193050666	-0.04148701789939923	0.0634673006747569	-0.0006566310505748455	-0.015171709552771199	
-0.26282974082396143	-0.0939297690777517	-0.22014020666900921	-0.19189326657369288	-0.27346764547134694	
-6.246162361502149e-05	0.12862759348840344	0.08584418317662323	-0.03263811429456806	0.13112352365781546	
-0.16728945484076768	-0.13960184619651106	-0.09507151054809006	-0.2080788414707826	-0.1375049057085144	
0.1130622679091685	-0.02248154935851054	0.1978319184666941	0.13917295080292397	0.23628319016367602	
0.06868265501222429	0.05882027182960409	0.25455024900633577	0.21269733788907658	0.12014937084187997	
0.1430063031772241	0.14273430278909732	0.1933866938159028	0.160832805756382	0.06927257989473598	
-0.050355313144250534	-0.03346459238259944	-0.026502783436974042	0.026372645571777743	0.17099568927405914	
0.10957129007530582	0.10962255741043114	0.19213715846890678	0.040148139602104956	0.10535596736541065	
0.18254695317584535	0.24965179718479447	0.2001964119517953	0.0987638683077681	0.3136178875568178	
0.07845475577130952	0.18501518636349706	0.13444552362106765	0.24997802962274393	0.25813034631495446	
0.18996821912311856	0.09636964784597224	0.1175641200567904	0.1301820123618557	0.16697237410952745	
-0.18479098129337293	-0.16254802968628335	-0.08327698271584279	-0.11835116337194011	-0.26043127718818926	
-0.20558917521157016	-0.04790575533207656	-0.1297868770376346	-0.23823584528501074	-0.22305782649326403	
0.1827524028270656	0.0686306843735882	0.17680875584340158	0.2629522542966296	0.27839726847912577	
-0.11936406576719444	-0.08038956476952525	-0.06596491892125467	-0.034249383635169224	-0.18099810171189207	
0.08427975258951603	0.08601002128892261	0.2212044674598429	0.2592576449698941	0.30472958058844263	
0.18350064310279268	0.32272413884138784	0.2945068747510592	0.25159606576073285	0.36309491653507175	
-0.3543420724332217	-0.372090186388175	-0.4842090313067627	-0.5348158010693245	-0.5375442770782687	
-0.41535020082797336	-0.506446872481892	-0.4712672242485059	-0.5829421356983147	-0.6573219213983871	
0.06821877189043155	-0.05516795268925758	0.0362539798032367	0.012273349504096013	0.09534121810542638	
0.12905996747417983	0.07863233475603212	0.25848761592514014	0.2667368638596139	0.3502069142361717	
-0.057332036802157836	-0.22958969842665164	-0.1971873225669364	-0.162389819245852	-0.10283170939441198	
-0.07863496584283572	-0.17232420601173035	-0.1223992229222572	-0.17053963587601573	-0.2648555049959504	
0.1392140806629974	0.1566744838105865	0.17587518144322617	0.257380885655111	0.29595521065997515	
-0.03619555168710064	0.06807832928476279	-0.0850188920024269	-0.1013227953151932	-0.09262451026903111	
-0.4199169819118714	-0.5073207997246206	-0.38740949227093846	-0.39487605278106064	-0.5536847826287755	
-0.1160826200247078	-0.08274073536380742	-0.14602838209265925	-0.00042091943885766837	-0.09953477118808195	
0.1288619515678842	0.058172886308099865	0.12237289961835755	0.12170246944661944	0.14357199429920145	
-0.150636643089242	-0.13541018571257196	-0.09115854677256685	-0.17556516550501808	-0.19508837625112935	
0.1410710337758928	0.014869659393216949	0.16790007690230785	0.1326477283315176	0.24996126628918017	
0.006872599381031927	0.11745365710509229	0.06410097995557547	-0.016463936247291512	0.11704228278958051	
0.13108942614629454	0.009524807907952028	0.12144779866363692	0.17106324700227432	0.2585183866023653	
0.06950679886204651	0.2752354213337049	0.18707660186523015	0.3120180071953739	0.29795127623774237	
0.2718773368650721	0.20645312664666685	0.2663417432856461	0.19352100449914644	0.31788703907658	
-0.009298267224180728	0.004036871145758892	-0.021233565809025533	-0.04112181741258863	-0.028707833894330122	
0.0610857212930845	0.120422440259812	0.11478079005737714	0.08313886685734098	0.1307939673343843	
0.05973366309661633	0.02997427169532927	0.1272790597270581	0.08026685757722028	0.21255717644202385	
-0.1610783773886958	-0.2478457058711093	-0.20597516368545168	-0.2620197420989856	-0.22305408309606295	
0.1876875758832086	0.18347341239024006	0.16214922015872663	0.08062597674894138	0.1132891879409226	
0.11697794303864266	0.05123209648097697	0.1125394242067198	0.06592774894268542	0.12410445502734964	
0.05400112721868768	0.0939055691641184	0.07629046059574768	0.05160601402751443	0.04349646728622504	
-0.006050448603812228	0.04980773642829051	0.012063973130489876	0.19169679177151508	0.051921924421632425	
0.09242303507580134	0.09060383071249956	0.06501813657004264	0.04182505670273906	-0.022652374163480052	
0.036603707109135616	0.0022309063383137958	-0.0031572309935129763	0.05810986264650522	0.016138650771980595	
0.14567362514203375	0.1331080036839844	0.016621782913885347	-0.007048387662882546	0.027699817913782187	
0.002659195022763112	0.02147099964416911	-0.06650160115941871	-0.05079053263896636	0.05076994546892194	
-0.018526480677016184	0.01904333191385491	-0.062006435611605785	-0.07852128835670896	0.0010920355146373999	
0.0077697403324317365	-0.05028657943382517	0.04046202046283635	0.013910509528913408	0.04854604143514928	
0.031035724267057183	0.14701804011720088	0.0748191613434091	0.12498171917915524	0.2248976038217345	
-0.07912247809064965	-0.030615507743158656	0.10713813153511022	0.09494338236248968	0.06807394699721953	
0.03843074689922992	0.05329418664422525	0.02651793866353527	0.029810130025524635	-0.11685605642056486	
0.10253427553004725	0.11543418523225646	0.10764511326448548	0.14632732686394065	0.02936569444475992	
0.06620845570612058	0.06114859421126432	-0.03057963965644413	-0.02309982175148719	0.06245073141583582	
-0.1103081848470342	-0.018272743514129785	-0.05665180892579842	-0.01208460604794694	0.00786184569642561	
-0.09447577639386626	-0.1354721146075458	0.003941123545093413	-0.06834963177546093	0.02704549233214258	
0.013816381924457917	0.07443271788134982	0.011643416288198039	0.004465144494042834	-0.06364113260234977	
0.03332539499652305	-0.04322739360830929	-0.011690232415582938	0.12266388502233574	0.004835615494488685	
0.026304862580609534	0.11434400019443237	0.10194082099685216	0.09377484492463749	0.024992853300354344	
-0.14746758562884407	-0.09929292413355528	-0.03490545153598466	-0.1926360080354348	-0.19881917673128827	
0.009083635680813794	0.1036986805589405	0.060479319788538065	-0.023732202536740764	0.08745749018569124	
-0.048768521475005065	0.06551749640828476	-0.017868235769440317	-0.06700073504206636	0.05846383984392135	
0.09574539979746417	0.004834898020023504	0.09941427014760304	0.04500449869981719	0.06704377491500323	
-0.01361414469391771	-0.04744096126629662	-0.1870507005588832	-0.0689188080823056	-0.11752979574210788	
0.16806214288302224	0.016515979026372286	0.05019448487700059	0.02452791046963411	0.1018275081047438	
-0.0010767314612189398	0.09418811869522578	0.15086157982343734	0.12575373846094623	0.1653392614318268	
0.1254855584433363	0.22062424855657303	0.17184695772580721	0.25672964097322665	0.26267982327864026	
-0.007273555553311557	-0.0038234138551441177	-0.013486306062225242	0.010664870224709681	0.11529297235698094	
-0.08989260236559661	-0.10636299778790761	0.0461762786909666	-0.03219773472231694	0.048975929613103576	
-0.00042892944575442793	-0.004420705827792476	0.008734953490119053	0.004090401797172208	0.08274826389464052	
0.0616137144750355	0.1371822116942119	-0.021597945769832334	0.14237577262074622	0.05200118978866887	
0.04900248261014726	-0.07622085638911162	0.038009959819875296	-0.07399207066710525	0.12729353920802147	
0.04698816410721416	0.023246489248886434	0.03347446686132391	-0.12252306714451082	-0.12605035185545313	
-0.13398309911893347	-0.05601077153633342	-0.012297197508833404	0.004661208398614152	-0.03012549341711783	
0.13428001198472683	0.15864894284611342	0.0868220808472773	0.06075730298550953	0.08169412925096799	
-0.002619816833804357	0.12873046160675805	0.012685385878693766	0.03700925070568731	0.17011233607967355	
-0.1698523315813921	-0.05101022852221331	-0.19601681815215546	-0.16325193265460056	-0.224804426492559	
0.11214482348371307	-0.006606295319976259	0.01719273391593337	0.042554890320053135	0.11652605094952356	
-0.08825025537354893	0.04100414030296904	0.09967723336019871	-0.0849101842343143	0.037969687001128655	
0.019969729582420496	0.11034840503055279	0.08558660343994808	0.103267781652897	0.08321377238816025	
0.040364639115242115	-0.03285388786704723	-0.08341079083645099	0.025277041658810662	-0.01761523468509466	
-0.09350168131236948	-0.005725291409789772	-0.112010178874421	-0.16053704412888742	-0.14545892568757776	
0.021854626896060853	0.041663639191868676	0.035023958807421755	0.05180563845964696	-0.1024071365158587	
-0.046438911600303064	-0.02266143211411734	0.025318825462183593	-0.01205988989860645	0.10178602191357314	
0.019294461554429106	0.07487993734456036	-0.03156439266694121	0.0581920864699595	0.00467582541959839	
-0.07449157303009826	-0.14339847171273204	-0.18486905214532243	-0.16940793681018404	-0.10452576515866506	
-0.04921647977869735	-0.048838983874816395	-0.10711643515526376	-0.040181141025476465	0.019962309926541064	
0.12581275993430807	0.07603324845858395	0.1741078193225614	0.16222268734962272	0.10511234204548467	
-0.03431991112200876	-0.02425401049059636	-0.02352768956231405	0.07073187344691971	0.080813176533817	
0.22909509670340203	0.05072521305077895	0.25023008332668867	0.21161332675810537	0.2576175694098444	
0.019297605223217495	0.020516395853926526	-0.02098994585166944	-0.1194978752246454	-0.033293582515708506	
-0.0392557195289674	-0.001504929481719914	-0.05023278611540738	-0.05359522652969461	-0.11053224419933526	
-0.05554865444675942	0.09795615350095543	0.03638998741783563	0.15252069104042135	0.011066718152280223	
0.11141715625814168	0.14772627461107268	0.22751453455821588	0.18862704595358956	0.16672695596543033	
0.11505201895533368	0.14530392267667872	0.22396629013887645	0.2501370148385509	0.15928466708130123	
-0.15445191105228873	-0.05725557840737783	-0.017709467683735394	-0.17156565120502643	-0.04161107163035902	
-0.13735655102502745	-0.17492207762006723	-0.09703992408696015	-0.16778978009140932	-0.2685159529896396	
0.035032516930217424	0.10565350111987619	0.12517494649588087	0.08910501230550402	0.1150942099781075	
-0.027840255731871412	-0.09032118466671275	-0.023896407804206016	-0.005387122344200982	-0.06614940099125911	
0.029106985568318165	-0.09833067874556199	-0.012386946102115309	-0.0992670909404801	-0.02495457159720886	
-0.038267235422326136	0.045369147281620496	-0.059855215914879245	-0.09524783399298205	0.029065448333349127	
-0.039826315866889866	0.03851812116590223	0.03824450464649445	-0.04905133057450596	-0.05502579827834221	
0.004014089536722959	-0.009924889589223891	0.06284010556491611	-0.010270267740463987	0.028583189805187446	
-0.031991074014537775	-0.022616957802317008	-0.15225276300024299	-0.1298857064301543	-0.11315684714230594	
0.16575765792276295	0.11236757370119746	0.12346487060835667	0.06869828657834227	0.21010959585019798	
0.017969408919072602	0.09010354797965246	0.0596205719231548	0.016589471014901287	-0.024038710823147715	
0.07001784261547751	-0.08064911459601806	-0.055841857321471074	-0.014087929917318638	-0.009690174089905053	
0.003419240204515366	0.11790332918341297	0.0185487398017262	0.11840278136063578	0.16921418085069617	
-0.11194399232566944	-0.05508442676592011	-0.009948905683091883	-0.05071215238767746	-0.06591223299943409	
-0.07758958674513669	0.012781890202669597	0.04777994739849887	-0.057707592785958814	0.008104904983246983	
-0.0570732906769528	0.09953130782448143	-0.014364008551120086	0.020248081470359815	0.022302359837874472	
-0.12255930874098125	0.026680477559519102	-0.09475894893133181	-0.06738445898834176	-0.059697786795624624	
0.03100240711384102	0.0360579776858413	0.04474079904451123	0.12454915787834116	0.10245820827278206	
-0.20691034827572133	-0.2291795138861211	-0.14114879627569366	-0.2404559048217917	-0.1481402285181036	
0.09283171855409408	0.1819884947361021	0.10535582791357295	0.2710813558219393	0.2138423279070402	
0.008686516131106081	0.03978940637299072	-0.06524653057182885	0.005920147325493633	-0.05213066969445854	
0.04340835656962925	0.028913904258124595	-0.0919369530489332	0.043632080052621515	-0.10510453633259245	
0.20610013703386806	0.12857133083993105	0.13362181839826948	0.22511684399224538	0.2548584196964138	
0.13819691088318953	-0.006166459340337011	-0.04537539714150797	0.14111161341306072	0.13527680611117687	
-0.0706146219716192	-0.12566059144835384	-0.1061687038388449	-0.11890155759837133	-0.20472787496449513	
-0.004941825447217385	-0.004266347659852406	-0.021281534592267334	-0.08767297568634141	-0.04175757913091258	
-0.03934823604606391	0.11428014831262254	0.16651919053552677	0.03882275675643964	0.02380541820737976	
0.05035792405330472	0.06472258004010388	0.22376847859069202	0.14967664929628727	0.13733403535010386	
-0.04412185177616046	-0.02657225979592502	0.08233993096716888	0.0010307366444333986	0.060739102360207256	
0.052936297919795046	0.12006137504382745	0.057843793354059	0.03487559498574937	0.12271066705573976	
0.011203059233863118	0.05596491981054202	0.05033075787676863	0.11205830691622626	0.18475746755959796	
0.08844446180554856	0.1565753882536311	0.0968422003247282	0.14226051926457747	0.05889414129501817	
-0.04013337382198981	0.04522057616746634	-0.007538996135032552	0.025812056538391262	-0.0318686614837206	
0.1226161235094966	0.19225192517047393	0.05875563636755404	0.1706472116005231	0.2661333978966504	
0.013168153427000586	-0.06372049601793298	0.08045067421402359	-0.045804977399391704	0.05477243221438445	
0.15781669001385526	0.22792141580222777	0.19220884679639072	0.2482062560503742	0.12464496934303439	
0.124491556474811	-0.056282183452851006	-0.004814915252031004	0.12989602156340033	-0.055947155635417634	
-0.05668931599605156	-0.043266958581976246	-0.14787638128988692	-0.18663171703172957	-0.11625277316172322	
-0.2628085462687698	-0.35190975893534426	-0.23495069917585643	-0.24390761469957356	-0.3155571399205537	
0.06722824344041872	-0.023352921533555247	0.028060364105112062	-0.020671727216172813	-0.0059146635027737	
-0.12724644435211663	0.043941487623050106	-0.09331542445611736	-0.1379083148666949	-0.12460570107785197	
-0.16836814876747272	-0.04378296373001965	-0.03953249753965959	-0.009570906575523177	-0.10320970455100176	
0.13262320916177744	0.10426982914046884	0.1406115121652201	0.06750066800278563	0.1345202290555905	
-0.004220609523244561	0.009604669490954485	0.012172542147051138	0.05405906836272946	0.052219919273477515	
-0.008585948908148481	0.09870882820515152	-0.010393136008998296	0.09890867134565891	0.056806139305835196	
0.04158095648989911	0.13563232504485748	0.10207694168700965	0.030680567917921266	0.16047800396048875	
0.002971211302114972	-0.0031764692189482	-0.0006918638811854551	0.06897710265015872	0.014931952938814623	
0.05583993322753569	-0.04522223137667574	0.0073387619175529295	0.008685555779474392	0.10907189997180533	
0.10854783803569487	-0.03673158153640863	0.0537056185067069	0.11266930860997763	0.032752694764534185	
0.1767514526948527	0.03992524369930913	0.13145612959262257	0.14285673890393305	0.08009530036555751	
-0.09724649748845665	-0.016655207525860777	0.0876963783713468	-0.03139437803391869	0.055948859096520004	
-0.06567724867941618	-0.03210646822114927	-0.0715500975264468	0.042552931545034006	0.03957917994605859	
0.055218110448754645	-0.03306385131859928	0.059824297873098585	-0.034404437616551625	0.010393671250007242	
0.1015606439092572	0.09268927226426021	0.06366379969225026	0.17929077646979655	0.23140732207186762	
0.19884424579528406	0.19489393373638436	0.12171898296235305	0.12913117893896006	0.24632927828441534	
0.1294230385577882	-0.011057704713635451	0.05540700131491775	0.04758201283064045	0.08195215965819448	
-0.07154511057615183	-0.03249602903277952	-0.05384995062952719	0.06319251773539124	0.05678148625271888	
0.10817712201598212	0.12954268067392455	0.0720198660914416	0.14007607084469387	0.128487452586355	
0.12699944591041068	0.0759611317586669	0.103655180722739	-0.024415278380891626	0.08886840928990558	
0.2146757313083536	0.1926845248715714	0.1688111680838338	0.05844386552611144	0.20299604706536586	
0.023434023935730054	0.0006889859755418499	-0.0009305504883775067	0.028965107154724803	0.08606160546901619	
0.07786590811893136	0.02915154758399762	0.11766531221246178	-0.0696379894862367	0.14515915124079645	
-0.04951751062567837	-0.02368680315964202	0.031948202348498454	-0.031579752608976615	0.08296059234274075	
-0.10666374979182446	-0.054225720553003814	-0.10192584851211117	0.02772364945690504	0.017181098578914315	
0.04077856173711326	-0.004005464371707246	0.12519749379481432	0.04190732156772537	0.15431630744392694	
0.08115906595653678	0.08202442158242992	0.015671043816286666	0.13321385379491082	0.09388738884125307	
-0.7858241559961011	-0.7325278397974365	-0.8042674720423267	-0.738926765718953	-0.7489568489971353	
-0.053338544156238184	0.02092412728084436	-0.018205902536785022	0.03496633583036384	-0.05541431995227106	
0.19066451167376444	0.2267972568780895	0.28777322620324514	0.43697039791829256	0.61854107265152	
-1.2612313996349327	-1.214792730309545	-1.4679010313829295	-1.5839247265192011	-1.9674932133579042	
2.012230881588257	
