TESTRUNID EPOCH: 80 L_PCC: 0.8914539338510528 L_ERR: 0.011828375126203215 T_PCC: 0.6977888436319406 T_ERR: 0.025532693714316695
180 LAYER: 1
5 LAYER: 2
1 LAYER: 3
80 :ILEARN
0.11091608352157663	-0.02406545722336221	0.082527624942981	0.08027265743791565	0.11450979976651281	
0.08448619034572753	-0.1565114275933012	0.2209643462539838	0.13667149526318514	0.2557192702704353	
0.0501727017024608	-0.005015717092595464	0.04351633257123032	0.14369923285104638	-0.00018974558559738575	
0.15023006439936512	-0.09215217248613986	0.1850092171038937	0.039433422242231064	0.10790716128987313	
0.02528054266321623	0.11529797576575228	-0.08304400210499692	0.007878068102786418	0.026292952033244135	
0.21527368215924592	-0.1744961423479553	0.11033840383434497	0.06604905500790131	0.2891799247129222	
-0.1662375060619171	0.04209370285091044	-0.03698036565457295	-0.07975941197439779	-0.09240153476395105	
0.011634122877015927	0.0049771056724032545	0.14460650897675906	-0.04855929917652818	0.12582744585494135	
0.2126828549034074	-0.00990174464906317	0.1274477804360901	0.16688259880795414	0.09146752740985141	
-0.10584435406568744	0.15539790503804723	-0.15773510080554967	-0.12881554125938807	-0.1873091181050137	
-0.4887015492201013	0.2632371996620379	-0.602247195841318	-0.4436665287358593	-0.5518319382964861	
-0.008240441209401438	-0.027353960708565318	0.05783200406587793	0.09805785366763256	0.17029837460944028	
-0.17120272238454562	0.05937039190539483	-0.1051446501319342	-0.13379908404822277	-0.24079796483065008	
-0.21928883508083072	0.17528291569705706	-0.3094318724831326	-0.1456709107334823	-0.3042341219315241	
0.1048161033983662	-0.08886949752734889	-0.03978815963824152	0.08326834168039428	0.012704753869560818	
0.10807560218323986	-0.002837029676536028	0.23149812178190557	0.2171307811482034	0.3035943209104906	
0.04425628853460548	0.046831032684165635	0.023300991677837286	-0.06298567199285997	-0.06847304220639273	
0.06957979627229745	-0.01013305560785454	0.07917721002923572	0.02379902106078431	0.010291389252034473	
-0.07131370821826839	0.08723651499083586	0.006176254887723351	0.018153143767983333	-0.0021030001220382587	
-0.04722081363768963	0.07875024029158922	0.027258027428749585	-0.09706339183503927	0.0360241476292633	
-0.06830135327949617	0.03298581663231332	0.019115252656261045	-0.07044025853442651	0.024951602579488835	
0.024672023158360548	-0.09683575143068875	0.08588744674875226	0.03817938350338479	0.0994645700902961	
-0.06553189833093429	-0.07257285007422445	0.08651909260743271	0.03936363229798004	-0.0867999654555875	
0.05109261052049327	0.050775237692249287	0.08460490710929666	0.042304951725694345	-0.07514580760556706	
-0.07687023252502204	-0.11046883787621829	-0.06327866922139272	-0.03028581609272634	0.10246303110328449	
0.007766212868330569	0.010564395737153176	0.06840617847192115	-0.07516533697601778	-0.044163264197772105	
0.01715185429165758	0.09391914966393491	0.01220604385114199	-0.0962705421254114	0.060126534536123266	
-0.06787279380889369	0.07215247083832554	-0.044333350950656186	0.05852747769511788	0.027105095144183296	
0.011248046798083777	-0.072708954867863	-0.08801646209755767	-0.07573130885185253	-0.09108962429104767	
-0.06150977969329527	-0.05812688564388876	0.06832137567753861	0.02675366843434531	-0.07160897189667728	
0.17033107284401927	-0.028650587322036854	0.3954582316250817	0.18349271684530993	0.33056104705394507	
0.07691020338717387	-0.0775032400871689	0.057400220293890344	0.12058739406971825	0.11129238560834083	
0.01160291257873133	-0.041773037578180246	0.12373540455005431	0.12853708444762882	0.026024476136398876	
-0.049431810915839675	-0.10719404553293913	0.06735447083974681	0.065506348606062	0.0827432298939931	
-0.6005027644769869	0.4171182905449938	-0.6888963563000823	-0.6191761255642658	-0.710055381569	
0.12630687099587914	-0.0017295527397389624	0.06965822782358605	-0.012044613046061817	0.08896648062166292	
0.1364659597484161	-0.10725835856174583	0.2139280941076692	0.018296352462968988	0.1158841614121491	
0.060950912748669095	-0.06131314347533445	0.02789217617598802	0.004934061824746733	0.08496159407987014	
-0.047340645902577805	-0.08680778186319525	0.047013192657733904	0.05443560590864935	0.0815631705007048	
0.1782120784689718	-0.13894281579357354	0.08296039505457001	0.10951340461628704	0.222971925024843	
0.0857514967893835	0.012091237427324819	0.07748358548523791	0.018915269616065853	-0.020914774685066594	
0.07459220117249665	-0.01786486569904126	0.1184002255844209	0.14448033423417755	0.18792856090385252	
0.1263997461799609	-0.006341442168465281	0.15834367611624667	0.07041164444179993	0.14792030225338404	
0.07459125250873447	-0.13527390510895376	0.1933367087398729	0.13061179863822406	0.007237067143840422	
-0.0744743491194154	-0.031090510985693143	-0.07722014400795656	0.05119289982143108	-0.035754638647083614	
0.13349869810187331	-0.01798903385392537	0.14338668400059687	0.1135837598029272	0.1478455685671711	
0.15505773911726892	-0.08533592984011074	0.30657267437347185	0.10919625996874435	0.2368928646458202	
-0.05065130379195634	-0.06563742379196684	-0.06320574157671133	-0.07700038741527765	-0.028297109420311127	
-0.023786329348264034	0.07131817143086924	0.038638065241987714	-0.04977892624222579	0.07919807006657482	
-0.024738958861122033	-0.0491140044204525	-0.083438855311377	-0.010333194456147159	0.01435223415113426	
-0.13011660799134767	0.1251273350506756	-0.0629993002929315	0.059580727409666766	-0.021506640533227393	
0.01252397156815167	0.05092783669407489	-0.032316454942548076	-0.09434940185207666	-0.046299110633951035	
0.01111758121643674	0.09840963423901976	0.002630776102469446	0.0038601223617130086	0.026560780349875714	
-0.056064994258669655	0.05467093454548895	-0.03371284725191483	-0.047099718092118735	-0.03266680009441822	
-0.04843195366803477	-0.013461736471686364	-0.01035999683404875	-0.04306264917435247	0.05274969263738519	
0.13092191430863967	-0.10556410395588568	0.1421710482550202	0.04829623105141912	0.20475588774310102	
0.08323249901646852	0.06889170161463783	0.047976752617140496	-0.04171808452968972	-0.030228355650551528	
0.009589039516104606	0.045236284661941774	-0.02623035418350434	-0.04267467593810655	-0.031316236152401936	
-0.0737967483285903	0.12202586001479743	-0.08863262998847969	-0.08612065543952785	-0.13230649059795357	
-0.1684706944410393	0.03975172057844978	-0.19800017477942125	0.0006912818915290468	-0.1792910956861059	
0.0973397069824549	0.062220925675284325	0.10462815399756145	0.041231906011830306	-0.0008248367434993407	
0.02163116552820498	-0.027535855809433265	-0.008889857687291922	0.03584132758120427	0.002461879763192047	
0.16461987992827945	0.02826101066649032	0.07291962406489742	0.00010651783834405429	0.057756619796524016	
0.04886103496160835	0.021451241118643407	0.03644246905034066	0.002730654793168763	0.1583930608928374	
0.02201699752635682	-0.006395592656909921	0.002649038908992085	-0.04646636313900377	0.05299331924758818	
0.040479544478338875	-0.103701697608242	0.0994764370091954	0.054909736252115385	0.10417418286087533	
-0.23549914060984783	0.1758300256505047	-0.2787478616151945	-0.18988383181567126	-0.1943788072263299	
-0.0025025374979956647	-0.07365973144594472	0.2100385468972713	0.15093106762364863	0.14476742109890264	
0.05420944343254515	0.1045128423632035	0.0428521701606592	0.05409965876898044	-0.09609910578723577	
0.04289594832835876	0.026245551865905534	0.06366248504256597	0.07528923237211553	-0.05143317058038791	
-0.012442464299598525	0.07648743211551015	-0.1369134342266483	-0.11169106718071303	-0.06428735241301367	
0.02177094110918582	0.03756646751082585	0.07073537340117646	0.10792750030036286	0.17568613075284317	
0.011409144565684108	-0.10183284138960638	0.15743205784353054	0.05740660052104772	0.17059567331038572	
-0.004309533583799478	0.11483116977020602	-0.03554922571859938	-0.028796223727831423	-0.12398953065810935	
-0.024511885146416567	-0.09404534745648355	-0.06235764032003319	0.04519729236106245	-0.07585975184019973	
-0.06181431132781486	0.09342996697047205	-0.009077361770301393	0.007184545066371732	-0.09703248250038597	
-0.11001082769438943	0.07967589761999196	-0.04839890780056561	-0.15747853149129534	-0.1880974811781314	
-0.054021122916235176	0.05551202843157157	-0.01513875579078355	-0.0949163546923078	-0.004704343594465547	
-0.01859110958553242	0.04621963045090489	0.02211432369770641	-0.05796269554176646	0.08385665369656314	
0.05807307644074995	-0.018955892032287834	0.04623171760011986	-0.013690722581331098	-0.0018524349863228056	
-0.03133107479297344	0.1312643253890162	-0.2650279414950469	-0.08301051763535697	-0.17817230303635986	
-0.010920132581361666	0.014701992154338973	-0.18495487279981637	-0.17580636926890664	-0.13951374667980082	
0.05875035452834059	-0.0468629070409969	0.26540780983398654	0.16701643035436242	0.25212076685907076	
0.02243846350843908	0.0395035670512162	0.06640765756217518	0.10274160612537891	0.09857752928916075	
-0.0005284341167009856	-0.13438396379446105	0.013146986930930117	-0.017397904099546845	0.09861129158648771	
-0.13530855968304561	-0.05850380594433569	-0.0418913648165363	-0.08464375251865218	-0.03602541045559183	
0.21734805133686108	-0.12836736996261813	0.33866127298972204	0.2126049054386937	0.397857878909818	
-0.10356217936127211	0.12747416574567966	-0.18487217053607938	-0.03219813714258681	-0.18063317251810013	
-0.051106940865559274	-0.05043501308077446	-0.10403559719644576	-0.1692488215087304	-0.019094032189130097	
0.16903707490806247	0.009830124857845714	0.2455202315041181	0.015979451830120443	0.08639529663338517	
-0.10557797620207572	0.058864962443757385	0.01288659415498137	0.04923303502724313	-0.033185339388402124	
0.08512335007321899	0.06297013711213924	0.03884370205190782	-0.01375275076561375	-0.006325768593677045	
-0.010338750933253977	0.019769785306043636	0.03443108869049657	0.017900487655991153	0.16772229325582516	
-0.022428063943405848	0.09249955783701633	-0.016649676404983556	0.022500920056785157	-0.0009198401714736529	
-0.0007633573295181553	0.025936644292455544	-0.12798602191855757	-0.08766916379123585	-0.025577096655915454	
-0.1557985519312853	0.08322806555153871	-0.010000493364040264	-0.15638341079517656	-0.08066520061202047	
-0.0769192707397902	0.09796928313491275	-0.04680469890020285	-0.013419278961017099	-0.07664136749588195	
0.03624847201061502	-0.049789588843875486	-0.08156814193761239	0.026051675969564963	-0.02121290481097796	
0.09293928986187414	0.03682694976824018	0.11667440504776136	0.03380327779122695	0.10307256974296689	
0.05862977976196628	0.11628493773111091	0.04405672367124123	0.04826002604899535	-0.07734934044180633	
-0.14354707692640384	-0.004271254929470709	-0.13373054974235776	-0.14321520437307608	-0.09038955412056328	
0.10529580690884474	-0.010920475468167464	0.11839923911096738	0.15931294538748447	0.13166513466392044	
0.06893696069897763	-0.053876009051679566	-0.0023532095725691997	-0.006630976296654359	0.1179575013003872	
-0.11273476375461071	0.080667772881808	-0.2222798913487168	-0.10153531186906121	-0.07011255519436428	
-0.04637725336491769	0.09293490857575863	-0.05383648651380085	-0.030153511417128086	-0.13793808964563103	
-0.059797081583505905	-0.10709720660686571	-0.03166122021699554	0.011444291039661313	0.03067897879073813	
0.1977878722540805	-0.11917722127700701	0.24939158691526905	0.1526496625739423	0.21869878884063165	
-0.056117646729971625	0.0678838593947925	-0.11281290413847037	-0.17216131679910615	-0.1259572582506484	
-0.012576044115440317	0.05002064274027758	-0.020976021386194994	-0.018915211546746892	-0.0875316164231546	
0.1621929104448889	-0.08063788140992637	0.3534474412455031	0.33895241715261043	0.326599198743015	
-0.26498504368215153	0.14294252118347736	-0.2539945018559595	-0.22233654359406366	-0.36416293340326233	
0.04043681570880959	-0.048915769931597054	0.1587818170204008	0.12957703438934595	0.05114126819519911	
-0.0053813816154753965	-0.045972828179249664	0.20028448629498716	-0.015074149067504195	0.16569621983078933	
-0.02789319612445631	0.042273428031547516	-0.012659619816479449	-0.04917644817344542	-0.19570653223445572	
-0.05005814922855532	0.10450130871900043	-0.007563547601850255	-0.019822846304302894	-0.03888620866426096	
-0.01746269318074023	-0.02881627901232072	-0.0350648795590618	-0.0019864623092639986	-0.07737484109634452	
0.1434939967595589	-0.09358291186224273	0.1615971139801052	0.02745832296829336	0.1672126689955053	
-0.03531875818003555	0.07456548871200296	-0.06127559712844191	-0.0784484006180348	0.02057622725675926	
0.03299564417012408	-0.0005085614020581934	0.15953172610960786	0.017619868971512447	0.04642289183064854	
-0.07112294873210274	-0.06363922945671775	-0.016797394658305115	-0.10831246561153969	-0.06605023793364742	
-0.0034455464445521653	0.07591973092422243	-0.1345727999458629	-0.08723773450351358	-0.11278947235122969	
0.14155136409993424	0.00986636625129662	0.10236161022858122	0.018506378602796074	0.15907975898818918	
0.05107984154288302	0.052130676901832165	0.14468502432997474	0.05938349959521891	0.03736833687724114	
0.1976180248424805	-0.1352622083562874	0.09418299573899583	0.08164835622924715	0.13313592107870156	
-0.03492244109370727	0.02501485241695908	-0.007942556398698827	0.06333632205482945	0.10556694637568474	
-0.12430829625199394	0.0667159187730084	-0.05949284366754492	-0.0520159329923865	-0.07285836118984429	
-0.07201225362976603	0.05829401995385753	0.05073951309193987	-0.04217283869578211	0.02102467581023993	
-0.0003277862905103955	0.012167221500806381	0.07375770602999344	0.06768818248595915	0.0869749244020914	
-0.12389443572162442	0.11189525178588311	-0.08765706858005735	-0.04638594995484143	-0.07368600250978441	
-0.18983757218439945	0.03157478874428639	-0.25338048719070483	-0.11952105775288778	-0.20280742246016342	
-0.0009906948788852535	-0.0900459070414468	0.10749723942285418	-0.067021106623525	0.149454933119403	
-0.027141320697742638	-0.004986713124476043	-0.03305672189760495	0.09210961533875948	-0.005549754129801935	
0.027291216037664556	0.035858919186162616	-0.024684318496864872	0.025480541841492312	-0.020008796182810044	
0.05640157126941546	0.055267069852634444	-0.0489218619632566	0.07100203502240318	-0.07761365806340312	
0.03307139953649556	0.04122696438264078	-0.06652757950411396	0.006102061563046261	-0.011617176993278867	
0.07321365847957098	-0.03239879608712413	-0.10608987925461334	0.06777326351282159	0.04968626896618826	
0.15712977197142072	-0.05244303635637024	0.22291787596233906	0.15799156516168092	0.14351427531131106	
-0.015836805911318086	0.0988581594712076	-0.08034551900000436	-0.08804268414826769	-0.063010705769945	
-0.11053644362932914	0.06274412470889731	0.07202059543863433	-0.05827342553038195	-0.08114252752196255	
-0.07266861762101237	-0.025224223399930412	0.061433674206786026	-0.013893042144029923	-0.06441354290363147	
-0.06808314441122794	-0.05030122876347286	0.04251392839345666	-0.03405974161328179	0.00523614706360786	
0.03470779397494505	0.05552656557245236	0.05525847368417597	0.011963701678753344	0.10586920484574376	
-0.020673369235059528	-0.026339657714384714	0.024009484380172325	0.04888346310730946	0.12803637602216286	
0.08119417400476178	0.0029009060587809527	0.13690103491585684	0.12181593420240537	0.0684873402786641	
-0.03431050312296104	0.09496949339649126	-0.011435789268555268	0.032244807033471504	-0.03201026800501671	
-0.02220844997209931	0.08298829913731423	-0.11230543258554242	-0.006498868412854507	0.06137246646372403	
0.04316064302243599	-0.06634767482006694	0.14588751812589112	-0.008480799912168765	0.10421773282273333	
0.07050012081697848	0.050132998979997394	0.12637281101904713	0.1292879847341465	0.00018462509471854518	
0.12873826837128477	-0.1030188402876786	0.011418853884666982	0.11885012600837112	-0.04299439983886484	
-0.1016517404013486	0.15855817357992524	-0.21863476098814072	-0.21367531376785406	-0.16303909144995088	
0.06423561402528326	-0.10236512271764824	0.2030317114816219	0.14135564293504277	0.12072716721887813	
0.03498874907437182	0.005532250338379896	-0.0132351895482565	-0.05499985747247105	-0.032782282680324966	
-0.07482548181954501	0.10168084441171919	-0.061061306479678334	-0.09344944456119984	-0.0900762501631381	
-0.04338408902101716	0.03551423087934531	0.0874240072833055	0.09386513338054132	0.06580161430660836	
-0.007731276664966827	0.0773872696763881	-0.03331523150629156	-0.0872600790605318	-0.045214014998517224	
-0.13056108233911778	0.006210093160300129	-0.15436400643145373	-0.09178378985265759	-0.1590737609506866	
-0.009917075403391321	0.10325846784985838	-0.020356538066919047	0.09119110066727477	0.044620496841787344	
-0.047976493320109385	0.08986868309532578	-0.016981647048925717	-0.07673138277789066	0.020170119601246657	
0.09731701978536365	-0.0979240056186084	0.13249033942495503	0.1458855319142764	0.11609957944659428	
0.021884776895646118	-0.018260625814660175	-0.05187145919271703	-0.03988396567943719	0.019050725254899765	
0.06144496211999712	-0.056824502476388115	-0.001920050796157712	0.06324091080250777	-0.02662133124670534	
0.14878106904215696	-0.07492566965891614	0.11746160431892137	0.09764589616722362	0.04039361542616427	
-0.09724649748845665	-0.016655207525860777	0.0876963783713468	-0.03139437803391869	0.055948859096520004	
-0.06505273743451852	-0.031609432739509516	-0.07108045583238065	0.043354162829275206	0.03986152473936283	
0.037699463589783766	-0.04932079310274007	0.038472024324681775	-0.05454049181681009	-0.015070176813732059	
-0.025615575666462553	-0.02893841767597556	-0.08846903855174873	0.02632932537318794	0.04146332053633989	
0.022717738900567122	0.0296625512326249	-0.06601185715654845	-0.07011064021222752	0.00283500870517657	
0.07506654527090781	-0.0632093116905556	-0.007432176258348022	-0.014213533194019412	-0.0005421628160967307	
-0.06769784590279762	-0.031511871773037894	-0.04762391917929596	0.0689053886458958	0.06006644915528034	
-0.48156805761998195	0.2850983001343268	-0.7021133524553496	-0.47958421044367255	-0.6864952622279128	
0.12068374824333337	0.027149851174429085	0.12402566023995479	-0.022383763151331216	0.10198252951210852	
0.2835878116722231	0.0047163451276666345	0.30641008533001607	0.10754951745467951	0.29960455105222406	
0.0583949956834164	-0.024131592089991532	0.06771917203894971	0.059089493753843904	0.14248575136774913	
-0.002885570712176566	0.035113756557970666	0.00379610415212365	-0.1450096948619615	0.01810165936139665	
-0.0894010914664021	-0.06010089077228773	-0.015449467671087819	-0.07849822476296647	0.02473408219954036	
-0.09040148719022655	-0.043075223798611575	-0.08779266377606579	0.04070386622101624	0.03369123351789641	
0.11213052160015002	-0.1435944277064313	0.25583822751693197	0.09694401146852202	0.25741406702938885	
0.0012698850342273557	-0.0006934091330664906	-0.07780283992138627	0.03196301014137207	-0.02352409547092666	
0.20776259385459842	-0.16182948419887508	0.36649757971085484	0.2412836831947133	0.49341436687239126	
-0.13938930275145361	0.1537132526022749	-0.1426816074648192	-0.04964415949375896	-0.18159815012016142	
0.04732330934182955	0.09390188016842194	0.18960197949604357	0.11638750063621976	0.2659000769287859	
-1.2385599584780276	1.2042460605206229	-1.881151665666569	-1.1841029650779822	-1.8786970780144008	
0.8709508175509263	
