TESTRUNID EPOCH: 99 L_PCC: 0.8393765240686405 L_ERR: 0.01175737734454559 T_PCC: 0.5651596092992992 T_ERR: 0.02740075110707012
180 LAYER: 1
5 LAYER: 2
1 LAYER: 3
99 :ILEARN
0.0053300549219176315	0.04307611621525909	-0.06274349239969412	-0.02129289438150415	-0.04598535704555087	
-0.1652155525618918	-0.05801189073114894	-0.11928063162639951	-0.05956702170406623	-0.10036283887620454	
0.004205940656207253	0.025860375635542398	-0.01737908493139448	0.08977895205503778	-0.06682784044415865	
0.027229666334540648	-0.025830665084944027	0.01731134815042271	-0.06574400951459182	-0.07368008401220476	
0.07200202625938375	0.09037276647294895	-0.016508490179722397	0.045466391689582435	0.09915956406519981	
0.0659532134779556	-0.09269416900530397	-0.1106157971373233	-0.07961875125186561	0.051118707177020536	
-0.0641731939149493	-0.029413341287949864	0.11476902941123625	0.017200942646306255	0.04899322733170799	
-0.10366602135043039	0.04883540568105679	-0.00549916790848043	-0.11898422994219114	-0.02970946382060579	
0.11189241637792971	0.02943729496170944	-0.008186801471406647	0.07028530137233506	-0.0705864284146826	
0.053318377881087085	0.07305907498889001	0.021098167130346335	-0.0035393647423412216	0.004619875526063306	
-0.006386121624358662	0.016930875543790004	0.028743906273340718	0.0005053157016361763	0.1026862066075208	
-0.1572376836491752	0.0201998439543058	-0.13694022023750194	-0.019995781768964473	-0.056657177026584	
0.02556020651336087	-0.0390873807580991	0.14452531572878477	0.030629276637264263	0.03580347383600636	
0.0681442587866752	0.016513544811733488	0.04956878083769853	0.1305693499433689	0.07835670328310916	
0.06840744650516492	-0.08016868874744484	-0.07699820457346583	0.06653162832346125	-0.04450932680252243	
-0.10491093580650464	0.09194337217514045	-0.0546104692200188	0.03564898762192288	-0.008606670947524857	
0.08953919213417441	0.022481120394653213	0.07628795486462914	-0.019368047708680232	-0.03213947119377993	
0.10248552997727911	-0.03034289550635766	0.10406061060723126	0.05634704636346106	0.04046086706575864	
-0.06391125632212531	0.07975400964726707	0.0017209054503545152	0.030946234526622585	-0.01090713341056399	
-0.012035325110303346	0.07757634726845472	0.059539181596843085	-0.06976680939264572	0.07738358883813476	
-0.06977472604751922	0.008306539464776944	0.03883204927487288	-0.04248426339922503	0.03133910959722359	
0.012461943497880944	-0.09796886237179686	0.0767848681048761	0.04956647952626986	0.09398189650384912	
-0.08834431782046229	-0.07584573424806929	0.062169559079309426	0.039027104399399104	-0.11527700297595973	
0.0687184959397212	0.037260562754785946	0.11303923259193523	0.06999614463975339	-0.05543628551565348	
-0.025841894937542246	-0.11898182693539303	-0.02852884482435364	-0.024788020031669678	0.14502616042219155	
0.03415183309099252	0.01061888212716293	0.10595955418509108	-0.04152625313262649	0.017002988459569497	
0.07207233965242671	0.0802008260239278	0.0819591010829734	-0.05464623057840069	0.13607563778999746	
-0.019100262682609833	0.04474039972827333	0.02372996750580954	0.10260212144162437	0.0785304462144587	
0.0012180276210764264	-0.0714773356531116	-0.09835151288279552	-0.06647914796391222	-0.08706054740334643	
-0.17362455357057388	-0.035306546033268514	-0.07350436122893249	-0.040798687942931955	-0.21879742340994304	
-0.1644741951526153	0.10826371421246626	-0.08453370705736132	-0.10180457271678316	-0.14082718306633335	
0.05357322382207532	-0.06570713023713089	0.027894603003175873	0.11324028695962425	0.08339905048884266	
-0.22219098982687382	0.03844909894871094	-0.18489421998513925	-0.023602239312256197	-0.2544876348776652	
-0.04184869875061393	-0.09727869189519447	0.05825250952140796	0.04250580720078994	0.07436866728229127	
-0.04690117418414253	0.09104473039612003	0.009198401446683165	-0.012347079752436008	-0.005380643094067305	
-0.0009857218372321514	0.03619366336072218	-0.09592039720161585	-0.10524852427693546	-0.09611990115728825	
-0.06266751186056807	-0.04621872149169057	-0.05131269134878188	-0.12886773864745482	-0.16101859879618283	
0.002204874827477042	-0.05020732991219935	-0.041084090938062943	-0.004783007898703284	0.025611829628690738	
-0.11433294189880569	-0.06622637212949486	-0.033194455848234286	0.02685953939189241	0.017972765359136597	
-0.016108870426332904	-0.07594652534612986	-0.1760238864112832	-0.03338896207728721	-0.04394750945662488	
0.05062481939302776	0.013224433008453855	0.03249193724942938	0.008492476876558314	-0.06460707628700842	
-0.037189323801002296	0.02315130518633177	-0.03427170806407526	0.07697901926861997	0.04157641928057374	
-0.0693242003084204	0.10369555287213911	-0.14326715213137037	-0.11213317363857357	-0.11825484627217475	
0.06574098566344543	-0.1128016951354249	0.1433182314743716	0.08709322505951776	-0.02721920137181846	
-0.013657131147008242	-0.05034891280317807	-0.006972986274227961	0.08953082812151214	0.04065433001476847	
0.12396717713093702	0.009255528639191803	0.10658289812466	0.08536674623295432	0.11503889234200199	
0.08492742067024596	-0.012963660845448347	0.15410455106801918	0.0005831047081175169	0.10778913275510815	
0.020963680612049923	-0.10352388009422932	0.017669255806196566	-0.014051776448232616	0.06686420847712035	
-0.12034127863883798	0.09779176641266116	-0.08934272557503235	-0.10212941015014958	-0.03524604111252365	
0.017976358471370274	-0.09153296232465552	-0.017040051466494517	0.04843100183103756	0.07013520099836819	
-0.07261677016722183	0.08845658093482382	0.01987985326427565	0.12369325350496407	0.04629136538341913	
0.022876295064508872	0.02022732963123709	-0.03479137873512818	-0.05981271485527106	-0.03516256300161114	
0.03484181312093936	0.07514151645517471	0.038482074711143	0.04416337806349616	0.05294577103369267	
-0.06286570310344426	0.03253058204790309	-0.010698884385756524	-0.016430835369076382	-0.05829946762468375	
-0.12403560846771862	-0.028427215855800263	-0.10226427565174916	-0.048281988768342	-0.04255599818825255	
-0.11056296764505416	-0.033086890854355865	-0.18786182585993375	-0.11061917162825068	-0.10290372239918183	
-0.03147505995958212	0.10002282749992333	-0.09403364295744478	-0.09939304315488084	-0.16800447452507478	
0.08442498180332215	-0.00835713385392266	0.0914839896434902	0.0434601869459221	0.05010255392057828	
-0.03322375736724436	0.05852782856136996	-0.012562656074803216	-0.009174220404583093	-0.08011147196590306	
-0.09558825868481118	-0.02612422627037419	-0.09265916324288707	0.10406527624746784	-0.07724868880048663	
0.06110175127058781	0.06877823355536544	0.030169972825679195	0.018244466458887155	-0.06391061057437233	
0.0737608671596341	-0.04945197186336341	0.03153970559366362	0.05378076831514202	0.050313043987865326	
0.012123410848893191	0.09313743789211391	-0.13690023522460673	-0.12258395782780859	-0.16023307912315626	
-0.024323530193403557	0.053458212510889745	-0.07741689043678071	-0.07328260244820775	0.01936401750769026	
-0.043161841956331826	0.016116434792768475	-0.08666716898157041	-0.07999845860115938	-0.031193366888425014	
0.14826293930035575	-0.0966263462115043	0.18167526655500857	0.07077494488444544	0.1999085383851133	
-0.007137742989698638	0.039085482487062846	0.01366065982098898	0.026890724040341617	0.11735320563978094	
-0.19269236208826035	-0.026993402305542348	-0.043152311507007234	0.03469611410457515	-0.11187038376586021	
0.036582415523495705	0.10083504676707818	0.003392483524451147	0.04459597701884667	-0.13098079894487355	
0.06113830056270759	0.027379791029690646	0.06301378762237947	0.08862735267012833	-0.04836830698164888	
0.13435080747754752	0.021002831531692183	0.05716375506061421	0.0032216182934427327	0.12224081329395821	
0.02810909442791197	0.047042297447525055	0.04714033753045352	0.0821089570351663	0.16341303053812695	
0.03858908087239886	-0.0929005119965135	0.17129774930137168	0.05318215128590671	0.19052950865415663	
-0.006092114367631914	0.09762201979697187	-0.017538315910030397	0.007308486620098707	-0.11688698628081699	
-0.06631534490403565	-0.08862295907038348	-0.11691075958239733	0.04597987750788903	-0.13062627949425437	
-0.09754569386836333	0.08080379098172837	-0.054054469298816556	0.0017248959353133963	-0.14692294119071073	
-0.07383979418383747	0.02105873646372495	0.01938615479297017	-0.09288798209656349	-0.13062169570906015	
-0.0021530732202968764	0.03055472956133814	0.04287504628992725	-0.05096045286294776	0.04444273506894819	
-0.06382640370521762	0.05931025120739024	-0.049707776274700716	-0.09165627533353857	0.00706291225541382	
0.08949172021692751	-0.03506389473897153	0.07395846444584595	0.022866168164422326	0.04218070447382508	
0.09650927121202721	0.05793146591571443	-0.09320239932066672	0.05175371906590868	-0.010315443009968435	
0.17312041654737947	-0.07516232174735714	0.050695404000956325	-0.036896334003866826	0.07660542633623572	
0.03618102907075604	0.008453616380852298	0.18723751396475555	0.10885484800869037	0.16514962820782042	
0.009878135442100476	0.0634826274523851	0.028324661432128473	0.09820433883724176	0.0556686720625656	
-0.10743594476083343	-0.0816074401236986	-0.13464613996968408	-0.08832488385348061	-0.05985817949414305	
-0.011568337468238234	-0.10335365128463427	0.12554602158237804	0.013122539228046995	0.1205767109034463	
-0.013812279330727394	-0.005439653974327815	-0.004070194868713404	-0.003353216962508543	0.03730592528132091	
0.05021279443279777	0.06132158482727231	-0.015982963334181907	0.10563782684482173	-0.002784792083854086	
0.14546305896017542	-0.12362873368931454	0.15081428940178596	-0.0358370767244504	0.22621423099570037	
-0.014428971597225117	0.06836444512131962	-0.029359551356356	-0.1165119244842658	-0.1785157593590564	
-0.2154470594021064	0.04789190870903303	-0.09714827426151014	0.017904356384096428	-0.1244902263335584	
0.14905493903764958	0.06246534361905929	0.0984323507234076	0.006635703712764024	0.04850258293542523	
-0.19035940139705526	0.08077048113142146	-0.20154560513673636	-0.1067606874386119	-0.06870012672065194	
-0.04612470698221838	0.08505172873264794	-0.038496187933640034	-0.0005502303869703975	-0.032397974520184246	
0.09350213596768493	-0.03231420208763743	-0.01329843441698929	0.019790443171979113	0.10137228111555459	
-0.025069880759431867	0.03390806569785054	0.1489123594963915	-0.051385521232360155	0.076260324904228	
-0.10743782624998234	0.08982518343027691	-0.08163911820147036	0.0085006863970955	-0.10104651324384205	
0.012366427716425103	-0.054252648627549825	-0.09641457643941569	0.01622652781795688	-0.04911228413485813	
0.08889177310945866	0.056966808844208135	0.09092712212991776	-0.013833014375917791	0.08045900685953732	
-0.0019365855159771427	0.09663373785349137	-0.037111697041148695	0.04229141884987576	-0.16192467943237204	
-0.07038413172923268	-0.05977149251272418	-0.020359484051206023	-0.05433795126757837	0.03499986229565212	
-0.10152063128594602	0.07168084392145918	-0.16693315582423432	0.01037453276312462	-0.15778193427550355	
-0.01507991325048578	-0.03148693553853337	-0.09846884584867197	-0.05926224491595775	-0.012211663486636555	
0.04313532368553119	-0.014399810050516819	0.004156813631014052	0.055694557376960274	0.14619397528930186	
0.042961442223846506	0.0148388520433643	0.07466434711009877	0.08062107802593795	-0.010260667975159404	
-0.105513401496414	-0.08386420344821416	-0.10871256440852212	-0.010405677473615442	-0.03413838776097109	
0.09866614314128881	-0.07431123036806019	0.10183791708924518	0.06745583256676739	0.06905187159871021	
0.045664544104690084	0.02047114425239762	0.025090051759378215	-0.06752323562877	-0.01996441325137697	
0.023710394388722602	0.03724408404445034	0.024590253280809552	0.016338486941954732	-0.04344450119661595	
-0.12198002283421268	0.05914715624936707	-0.06800796998189934	0.071776702694266	-0.08057562650593851	
-0.012407172845037307	0.0035534104764350645	0.061487297223561665	-0.007024096939373483	-0.0452040158078215	
-0.07517292274175036	-0.0002480357465727474	-0.008215231581450638	0.04080987518666399	-0.12201228923125722	
-0.1479670759626213	0.019144518493518847	-0.01503288917433665	-0.1341062153583887	-0.018277363067243084	
0.0947642260324478	-0.020743570717418842	0.1366088744983084	0.05635770299114907	-0.026930306307081837	
0.024008373217792374	0.05676504150811287	0.10188598214128776	0.056394537591651736	0.06319349742314699	
0.049743968124058596	-0.05697520566646432	0.06031224150496864	0.05954525622773214	0.008530184895390128	
0.11098728582052936	-0.07050839009041263	0.10291337606810466	-0.02196420763011884	0.10323239965494578	
0.02053607905550566	0.04865587447968734	-0.0004406981755525599	-0.028903228759420883	0.10049216943622229	
0.027372408478124086	0.03634678026205387	0.1150389930151668	-0.01813466384203992	0.035059249327471356	
-0.08990682124760097	-0.06313636255755005	-0.06071105428772378	-0.1185902415219197	-0.10778196132548817	
0.038503214268005875	0.054097129546319594	-0.08058643915641782	-0.04292053657091136	-0.05139739053866226	
0.12548794521044324	0.03084510545373084	0.0610439547846833	-0.009123822061671404	0.1093870995894822	
-0.030385512648995448	0.09064905983771453	0.030709345358944342	-0.0012640860547024596	-0.09456045369189124	
0.24191418846689208	-0.09964312196877252	0.09952062193250896	0.06786956326021135	0.14686883363861347	
-0.1510932514350973	0.051559157615296634	-0.14808717604064675	0.015908685683967822	-0.024929080610755012	
0.05203204667522363	-0.00020435329332278286	0.15784311637163936	0.08562457227600864	0.14150681701081938	
0.1384835009757925	0.011802698871501495	0.28487996956182293	0.08124589875118264	0.2739777765759605	
-0.13804177527695263	0.0662083712409525	-0.11323284187455654	-0.03196019294633127	-0.10197657568905272	
-0.03456658299020606	0.07165127426438328	0.028723102970062524	0.03655203835041377	0.05445389085722412	
-0.09698309576886581	-0.06614359626406957	-0.10933908894079601	-0.0044563041356187535	-0.07758299250303073	
-0.04513774738641189	-0.08948485038361041	0.040135580812202136	-0.0834708458685125	0.07270176158009149	
0.04260097206597998	-0.007481728968952866	0.029257968947758783	0.11793967998999451	0.0674378135354878	
-0.016430893883730452	0.043484682864732914	-0.09640658187111141	0.0012529697764427918	-0.08869567769587047	
0.01590578607743864	0.04741374312282787	-0.09569075769023067	0.05248963662230982	-0.1424335284578764	
0.07412143756436028	0.013249237778839252	-0.04447334785745468	0.05227270465288337	0.052524107134220246	
0.09895759360151019	-0.045781246106862385	-0.0975119497197134	0.0959830245337176	0.07566571255165881	
0.0012999606997077862	0.010850489574130684	-0.01238163044030216	0.0381194364644107	-0.07366012873816657	
-0.025777684241946847	0.07084305755785777	-0.05667074543091758	-0.06505970886672442	-0.09068203748006494	
-0.08493649880046229	0.055616053421811744	0.099207574038502	-0.050758519982396895	-0.06975125340583489	
-0.07429038494560967	-0.0460301326464662	0.0583216061115639	0.006680285684992687	-0.06405247370577752	
-0.010403373038684303	-0.05816842944615643	0.09669495015131042	0.005776454442371515	0.06474768248287993	
0.008040589462423925	0.05529129767378275	0.012842025841457163	-0.011974888073080827	0.04162281377832813	
-0.096589057328691	0.002428410526195725	-0.06397230918575082	0.008786809283803413	0.019032812579696363	
0.00836980805020184	0.05250221635404519	0.02071425680927995	0.04607879008843723	-0.02822856726511678	
-0.0016543467637745123	0.07245144264851536	0.041890419989633304	0.07541854433832655	0.005971559834602882	
0.08370594613521042	0.048519267305847505	0.012667944514137077	0.05583422000016536	0.17674376724033392	
-0.017488346990306772	-0.060651245461721216	0.047096562670425085	-0.05682333534067263	0.022613857372437998	
0.010385932155780759	0.08143059041282272	0.03414081353177984	0.0836081043325884	-0.10021392980090185	
-0.03462727706965507	-0.06331908995248801	-0.1791025734246371	0.027849943615495813	-0.267178795536159	
0.16590212772025117	0.05118216545113374	0.10623846000857658	0.0032721627382868213	0.17288324612706968	
0.020332940960025962	-0.07938538201554662	0.11280562034046053	0.0937351201737602	0.020682337509390268	
0.12279895897307952	-0.02904281042525631	0.09565208511989139	0.010404868655144678	0.04991404169411278	
-0.01903171970219274	0.08390248239960542	0.01306408668956864	-0.05928280524183309	-0.0320208057738484	
-0.22995065847718077	0.06213267853554803	-0.13519152054463868	-0.0024169622804741863	-0.1811348502251181	
0.029321839834589712	0.03452123292774486	-0.011415042511307639	-0.0268608004268403	0.017966775769498875	
-0.01284635946811725	-0.047049276215990705	0.0029553976252561513	0.021733698941810445	0.01151884690718148	
0.027632035977899008	0.08628013883644085	0.021581627423282075	0.13349281223345363	0.08973193566081797	
-0.033507512769394794	0.059765704148305815	0.017855188222298334	-0.04448370631337514	0.01989107825660463	
-0.04678924674455864	-0.030998574147433	-0.06313212017506681	0.02264589654212041	-0.11685396622440358	
0.18247090184508527	-0.06675928584742075	0.1510236855896427	0.0629650600259511	0.20963606743230107	
0.10575357799025575	-0.07467192914064001	0.04924958927197001	0.10470511582605488	0.017303925426183045	
0.0018395042064706566	-0.03661980481470531	-0.0739156787580778	-0.0024104673255284383	-0.16854921997226868	
-0.14018662464102913	-0.018476470266841582	0.0363942983026251	-0.04314573490042776	-0.008901297329536808	
-0.10400465728298443	-0.03695550214334134	-0.11721047008558196	0.038508234898986304	-0.02023485884743399	
0.05429877093556919	-0.062180358521908626	0.057670648821597094	-0.028883819384739513	0.0006176761880760835	
-0.05708032234277327	-0.028657948248791316	-0.12405156123526391	0.01155933747958799	-0.005164011651910311	
-0.02146764190660568	0.028454168455920265	-0.11563186441401278	-0.08426716787860898	-0.06276094156077873	
0.05737894275898554	-0.0716774943365829	-0.02607046225301669	-0.009335225475476583	-0.034209767335926976	
-0.2580819837305476	0.002510361428268403	-0.2714481766644577	-0.039744001551642545	-0.19197128356437268	
0.10330086754283732	0.0012439371490081373	0.05987835089006114	0.07322877056427757	0.11858001201423236	
0.17680435191546798	0.018578294585498298	0.14851470981097678	-0.015682457746323476	0.13953654673049717	
0.07022864414964766	0.08594380287189796	-0.0026492283562102674	-0.07448853475575586	-0.014870437527607337	
0.09285242584223398	-0.016863189286900015	0.07746156902791983	0.059611296463801144	0.1786387423988992	
-0.0974971797796568	0.05285311183598657	-0.08691129846844965	-0.17967286993661827	-0.08624460282410319	
-0.10044096671969606	-0.06977970468674533	-0.028563009417098092	-0.06843871079413921	0.0009041937679823549	
-0.12206562201984315	-0.046038455640846146	-0.1246309209115007	0.034662511928492235	-0.01615271215944437	
0.0011858298760259115	-0.07326105024902783	0.07877408846125723	-0.008021863486053016	0.08832609281454958	
-0.04411486225907798	0.015027274654637721	-0.13001495051479203	-0.01406894871649622	-0.08550451403859036	
-0.36528923563615356	0.058555837588076344	-0.3913634782138128	-0.2059633440909055	-0.30345082342715135	
0.065706493513559	0.03711581196369545	0.11256428866677667	0.13531827744310404	0.09440818292801617	
-0.0499022315882797	0.10018543824738972	-0.09215809995929712	0.06543006045524198	0.02361229509338417	
-0.8815222481652591	0.3580958716331282	-1.0078106976974637	-0.29556003854755475	-1.054882409457642	
0.712038903865848	
