            A        R        N        D        C        Q        E        G        H        I        L        K        M        F        P        S        T        W        Y        V
 1 A   0.0315   0.1347   -0.207  -0.2068  -0.0639    0.008  -0.0568    0.115  -0.0303    0.007  -0.0146   0.0808  -0.0535  -0.0383  -0.2065   0.0803   -0.015   0.1191   0.0613  -0.0546
 2 A   0.0544   0.0781   0.0138   0.0169   0.0141   0.0173   0.2623   0.0166   0.0138   0.0153  -0.0727   0.0168   0.0131    0.006   0.0119    0.016  -0.0114   0.0128  -0.1519    0.013
 3 A  -0.0029   0.0449   0.0103  -0.1522  -0.0718  -0.0094   0.0739  -0.0436  -0.0384   0.0591   0.0286   0.0682  -0.0522   0.0502  -0.1193  -0.0006   0.1053  -0.0639   0.0095   0.0412
 4 A   0.1145  -0.0156   0.0285   0.0204  -0.0814  -0.0586   0.0047   0.0027   0.0805  -0.0534   0.0235   0.0376  -0.0653   0.0556   0.1257  -0.0606  -0.0636   0.0254   0.0454   0.0452
 5 A   0.1156    0.067  -0.0919  -0.1895  -0.0416   0.0716  -0.0246   0.0775  -0.0216  -0.0431  -0.0366  -0.0103  -0.0091   0.0834   0.0368   0.0326   0.0103   0.0287   0.4078  -0.0596
 6 A  -0.0345   0.0049  -0.0232  -0.0963   0.0739   0.1866   0.0256   0.0527   0.0345   0.0516  -0.0167   0.0521  -0.0286   0.0044  -0.0125   0.0462   0.0266   0.0766   0.0129   0.0118
 7 A  -0.1363  -0.0691   0.0014  -0.1354   0.1916    0.007   0.0096   0.0557   -0.068   0.0756   0.0258  -0.0665    0.011   0.0673   0.1492  -0.0443   0.0278   0.0615  -0.0261   -0.059
 8 A  -0.0508  -0.0658  -0.0103  -0.0156  -0.0824  -0.1578   0.0306  -0.0123   0.0041  -0.0254   0.0232   0.0198  -0.0528   0.0182   0.0678   0.0441   0.0499   0.0147   0.0601  -0.0618
 9 A  -0.0008  -0.1718  -0.1732   0.0595  -0.1697  -0.0168  -0.1774   0.0308   0.0192  -0.0125   0.1689  -0.1712   0.2168   0.1418  -0.1421   0.0444   0.1955  -0.0598    0.074   0.1383
