TESTRUNID EPOCH: 99 L_PCC: 0.798222891887129 L_ERR: 0.012571419845824161 T_PCC: 0.5540218527951442 T_ERR: 0.016569132754786473
180 LAYER: 1
5 LAYER: 2
1 LAYER: 3
99 :ILEARN
-0.007262108884160122	0.0408716931747527	-0.07183920017304074	-0.02668190044026333	-0.06033717956868768	
-0.05313329596116657	-0.06810761362303693	0.01186657057333608	0.011334653295228685	0.027400887163708056	
-0.022384764515515132	0.038266299471656454	-0.0680210923922185	0.06856633744840782	-0.09865980741801415	
0.0009168464387901275	-0.00972957930415318	-0.038852156860798785	-0.11192361825721188	-0.08370355665037292	
0.060148913735107334	0.0936523151438795	-0.03731516436815144	0.03846452313386281	0.07527783045920766	
0.06937085301701681	-0.08109895253082765	-0.10593155527922228	-0.07675461329949035	0.06939662724985209	
-0.08033063323338999	-0.015778474998989572	0.09157790603010038	0.006633056994603412	0.038375422790094676	
-0.04568738784181664	0.038987310736598293	0.052974943541027435	-0.10569278490500125	0.04396923887268735	
0.13702563864047043	0.04166821333740698	0.017347946627643118	0.10372310174506175	-0.05165500870998665	
-0.01042129476481897	0.08171910061861912	-0.0412771703252641	-0.042444932282730254	-0.07399428557634447	
-0.09612660842594059	0.03576710658797819	-0.05767437679998819	-0.04689066812555476	-0.0016853681439323448	
-0.09780030690510562	0.016517943133841462	-0.08282887003000984	0.008279530886148502	0.03425692186512654	
-0.07953311423443483	-0.017188802436086337	0.03888003154554903	-0.01716414609461947	-0.09000930821078257	
0.04984810943948841	0.024408708346735974	0.06784503955284511	0.13692748075952693	0.04631415800252785	
0.09104590939628138	-0.07470140895842592	-0.057314377439264236	0.07316104319837531	-0.013564678305875662	
-0.11055989985431708	0.0941128539183654	-0.09314012745152778	0.0007712270576109348	0.015665192169014432	
0.0664442156519782	0.026747136104892433	0.035246549873983644	-0.04161825868053762	-0.05276630621336802	
0.050816006704459855	-0.008739496278496453	0.04994122048009023	0.000681530990766632	0.005440283885201422	
-0.07106188020299767	0.08877113602827923	-0.0009403639179020012	0.022460314437139493	-0.014130059600184939	
-0.04208314691919208	0.07838361473806865	0.03020531468696813	-0.0878059599293623	0.030439959863028443	
-0.03467101964558077	0.0054116204515218536	0.07718841986215491	-0.028546047999500043	0.08170703018395983	
0.05115671296972557	-0.1019663091278948	0.1262168521079432	0.06764961116062101	0.11768752910334858	
-0.055984101835870166	-0.0744955703006044	0.10087323629648585	0.05020333475070152	-0.08024806853236509	
0.06056343390527638	0.04888870333888466	0.09883124012644699	0.05305612252551677	-0.06864173395667095	
-0.08609719373641649	-0.09680373115221917	-0.07982184364188435	-0.03949551914706625	0.07877344559594827	
0.007766212868330569	0.010564395737153176	0.06840617847192115	-0.07516533697601778	-0.044163264197772105	
-0.2685536344917455	0.14881744997703958	-0.39870530576524127	-0.41943785293201286	-0.13071839589077927	
-0.04372447043556588	0.05951661347737265	-0.008131082304564849	0.08371673600126149	0.05604192474289288	
0.02122082960049087	-0.07468436743233778	-0.07347226605934062	-0.06446321010843434	-0.08430073300180786	
-0.05145706388156433	-0.05996984629757646	0.08344213699466536	0.04254175448713038	-0.07885025044448578	
-0.07572106297135917	0.0914971724713728	0.028326677357109805	-0.0481416656727417	-0.04279036877543464	
0.04876517081501858	-0.06091410377813625	0.01627178545465155	0.09400399781766247	0.06936576029800706	
-0.04240773059826324	-0.0031565935657262264	0.03831407249258933	0.07672627570237114	-0.06205612136603624	
-0.0865510063490618	-0.08792721685275162	0.011712270371306765	0.0323373245110233	0.02043326595777007	
0.011533797633317435	0.08832795762755861	0.08872759325078827	0.03071934624915527	0.04299271248485974	
0.07784055399831177	0.027943677878836653	-0.0019578199091401538	-0.05279347669947156	-0.005503650253305217	
0.06490671693224473	-0.06542098146581447	0.10848988178965184	-0.04291717719672201	-0.021181170854987625	
0.060950912748669095	-0.06131314347533445	0.02789217617598802	0.004934061824746733	0.08496159407987014	
-0.02025112755630143	-0.09222582074592886	0.08789316124311185	0.0852224388061232	0.09991776569853614	
0.09594149770473656	-0.09907006493765604	-0.03909190209038171	0.03421745079250545	0.09634338005407105	
0.09131861756198373	0.011297249641231528	0.08664660735577144	0.029518050687890755	-0.020758057567631917	
-0.0028018665806180537	0.020862096583994655	0.009909584301712515	0.08523628534129074	0.08374668712672123	
-0.04012203752114969	0.09456288429899005	-0.08018616056147058	-0.09385048170693985	-0.0821487830305048	
0.024844941912004925	-0.10030191719831429	0.12468213787395196	0.09193945195922694	-0.08076695435543198	
-0.06476074888498895	-0.0335872851266326	-0.07380063103781663	0.06189813842531641	-0.031052669463341315	
0.08802149646667343	0.016402835989416012	0.07576639688236883	0.06894688907844437	0.08107846374172986	
-0.00802394683663861	0.009269363204074649	0.05972071823040789	-0.042856229653170486	-0.0019492954760144537	
0.019822061529175677	-0.09689334488983287	0.018696281639327433	-0.013264730202108346	0.061472105776968294	
-0.03695103938092541	0.07857774170503026	0.015571443056907094	-0.06319795967450699	0.05758584676510087	
0.021508083764141914	-0.08908292009917829	-0.015930658601130476	0.0350091304067612	0.08329580627469527	
-0.10741754891429826	0.09679705307790286	-0.035223997757231736	0.08590958877205944	0.015773951024108585	
0.10276924177259321	0.007483078919795951	0.08365339658786806	0.0004546109753858432	0.043350640809664755	
0.050004352740532	0.07166276728580848	0.05101643769353603	0.03961144968946059	0.07289588601091998	
-0.06367145937199471	0.03985281861764004	-0.05107404934324288	-0.05655073784631141	-0.03726554283788513	
-0.01936196644133034	-0.03665253878417507	0.02491138598375613	-0.013585536857286015	0.09503538354542677	
0.016182737095326742	-0.056250468076100124	-0.045018686157691286	-0.052890358369453265	0.046527251980849234	
0.0856076803949663	0.07887754870325496	0.047224774713659004	-0.03495268872342252	-0.04280281360627629	
0.07097958853948047	0.0055429292617493325	0.06043221680091962	0.014497703438321269	0.04662850505750221	
0.019800116238201396	0.05107809796577806	0.03838483676901641	0.010713824712387032	-0.020430905440975346	
-0.10112615619740237	-0.021329907553749423	-0.1070887465397595	0.07914632229455039	-0.07380136781857387	
0.09332880196419024	0.0691153240973727	0.08353426668781876	0.048210005408684344	-0.04652825975014576	
-0.006623995447338743	-0.03096558976895701	-0.05499200843718308	0.018502373753159357	-0.03754603245961661	
0.09791536999748231	0.07910083711908789	-0.025841738020088153	-0.06173061513056407	-0.05122421333650881	
0.001576370733897666	0.0454546535114856	-0.05640347422370581	-0.04913013752868318	0.07127240581128935	
-0.01683025634649453	0.023337013431047243	-0.05326677215214999	-0.07960654811484053	0.00317140339370596	
0.013411662917299227	-0.07292136993378016	0.05172611088421867	0.029225228423853094	0.043023924193248735	
-0.08290704847082515	0.05256146425081957	-0.0726828345991874	-0.009489801773950758	0.048895360006166316	
-0.0961121005696907	-0.034910812947965275	0.07366198574088711	0.06817617522906447	0.007521889746058162	
0.07332165483330261	0.08996119827072532	0.06528139952586828	0.07082308876730775	-0.08025131963593034	
0.027671993381650817	0.04130033544842382	0.02001378988413758	0.05699463838159462	-0.09449027708567187	
-0.001298144438219536	0.055479538831810005	-0.11691622785896348	-0.10881963259718795	-0.0071919058086611426	
-0.04018603945363839	0.06127540034639016	-0.022701067446713515	0.046682465009038165	0.09202587958749528	
-0.03995033209321999	-0.07139883434838012	0.08026168726985478	0.00831187577747465	0.09494807417101644	
0.02352637715542791	0.09953670319865095	0.003691602633943147	0.0009799974030065518	-0.0753880250327307	
-0.01885022482276953	-0.09688802047212398	-0.05243475644635465	0.060570858200648045	-0.08714540609253484	
-0.02669138055125113	0.07246925056760883	0.03853554350147087	0.03818842841323372	-0.062272639808937824	
-0.01048926793456597	0.016032901702122165	0.09965699494158485	-0.05797189581083935	-0.04965142647707417	
-0.05655428675075732	0.05183138758794384	-0.02158534288463068	-0.09876563919505044	-0.004350517985735062	
-0.05760796707126481	0.05972084895204205	-0.040533723698545555	-0.09447879760909927	0.018686489892924207	
0.08283071178557577	-0.02658467446813099	0.07057350798562466	0.018348268963203483	0.018174602739257157	
0.08438891031978074	0.06223740157142021	-0.1040754473816718	0.03303033134665392	-0.012168972858000811	
0.06870472827792318	-0.05166064738318628	-0.07665866699406801	-0.10721690054897438	-0.028493846013183152	
-0.0788926777054485	0.02671038309829563	0.059970421929008075	0.03877208052827193	0.053044590539124546	
-0.04227332478043235	0.07126864977417903	-0.029770682448175607	0.0526939409341201	0.01826823697456713	
-0.07131539026595102	-0.08432262002901042	-0.09633347141739855	-0.08665500047212871	-0.008283237258313633	
-0.08769239446435435	-0.0923551209114781	0.03520113195665828	-0.03283346707317163	0.04241320945699336	
0.010717771539349776	-0.013944044868996983	0.026200357168065833	0.01775187139202126	0.07454494051797061	
-0.0023100362176788855	0.07763239996069819	-0.06619262625885426	0.07373405347401416	-0.06304128948982282	
0.0008770341058102684	-0.09336881564591118	-0.02489477195441861	-0.12527590872127423	0.07492196394290551	
0.09906387224789834	0.055737689636041025	0.11041972851909307	-0.050465149107255095	-0.056257531226793424	
-0.02691246175576552	0.017819546192513233	0.1332914705548329	0.13709417613130986	0.06651946155905518	
0.05590750727736171	0.07972096723804191	-0.0028256235485785734	-0.037521362695973406	-0.05780307924492947	
-0.0761085899332542	0.06252211760656576	-0.07064152531655138	-0.04714050345461987	0.06381783572670616	
-0.04524502706367542	0.09792007257719369	-0.05726979184967397	-0.0014839864626799417	-0.04205864392687703	
0.04763374288607137	-0.019628427093021015	-0.06409825123129595	-0.03788217929827459	0.06385954602388903	
-0.11260945376925334	0.047194591858018095	0.04876739237030514	-0.11533641532949462	-0.008424030587511358	
-0.04207520641778719	0.07330371385291866	0.000861516964688645	0.02993319427783328	-0.014473946005856586	
0.0598682309546639	-0.050610295597381394	-0.03562879431084338	0.05488551953929728	-0.011172441150227133	
0.00029158087468014564	0.08394478034270261	-0.01854989716880278	-0.052817824842409176	-0.027602820522007642	
0.09379067559785002	0.08604983109423234	0.0799426140289681	0.09234532684399238	-0.049013481074128694	
-0.07178902988965194	-0.05664061357349955	-0.019809637298715526	-0.0530470266964185	0.02854769248821269	
-0.01728271699976773	0.06327030236544282	-0.06297392034619387	0.0403753059512621	-0.05192887503017223	
-0.0014741655579492239	-0.026975615820224286	-0.11107010486309409	-0.07240744844946566	0.02195244397842561	
-0.010117071001285387	0.005816796849878497	-0.07895886788911985	0.003225897140632381	0.0931306901610085	
0.08238363642743628	0.014871001496783852	0.12587110605644347	0.10322866690904588	0.03290910459987737	
-0.09770396562642139	-0.08040096398583439	-0.09341559051866788	-0.014596079247727909	-0.027680103699977802	
0.14543267628753453	-0.07623494318877347	0.1703917631689558	0.11040920427046179	0.09935044431285042	
0.014707006859842367	0.036002454865117196	-0.02171619585493327	-0.1107328952625429	-0.037562628529792516	
-0.0027993087666720196	0.04622439019144766	-0.00805625697304343	-0.009906352718053195	-0.07326657312514041	
-0.10675385177243825	0.05376941639899874	-0.048574487990100224	0.0853488794906852	-0.06260531513226397	
-0.02681309880354295	0.003772118169586067	0.060451596860795744	-0.001493613579072812	-0.07089737574744012	
-0.03928015882086577	0.001126437556830308	0.03336169629525913	0.05208790383518926	-0.07499959634058866	
-0.07521360743445028	-7.821884615654537e-05	0.09189288660714062	-0.07492215010126768	0.04832227252855124	
0.028388814992123743	-0.008402935368142125	0.0700281641700973	0.018752499055204222	-0.10489207835593688	
-0.01546063306881082	0.0744206412402766	0.04796492776815864	0.015819284124871373	0.026693181946124453	
0.015699915957840108	-0.045176044966629574	0.01210599810721176	0.03434595696348405	-0.029514073956718234	
0.012354174420338737	-0.04929077182487335	-0.03589650039291318	-0.10812161178875436	0.01555412192056925	
-0.014452534132784758	0.061539681822441905	-0.02929302746640193	-0.057261352474083774	0.053456901684353325	
-0.054197659833849145	0.04999924462010533	0.023197795744184888	-0.07386403311953789	-0.06827470053560679	
-0.017982505311055712	-0.08184775278582872	0.046395832495860795	-0.04494525315126826	-0.046202119529090944	
0.05312528684488174	0.05640752327734912	-0.05603899438946177	-0.032812620970917264	-0.046176738374814494	
0.0828885264482742	0.04247959873409478	0.009854432671147719	-0.03986214870722547	0.06680458075350916	
0.03538987272809289	0.07515974870128725	0.11573627216579413	0.05066670793548506	-0.041872083551534184	
0.11422532476266141	-0.072036793200593	-0.028806282565805027	0.009152501007255735	-0.005372100965622283	
-0.09694691276319439	0.0511278662755958	-0.10222744581911206	-0.0008618500702609229	0.03285764090654422	
-0.05785352158333586	0.020190849621527993	0.04978567504916728	0.027643742124066673	0.019425460589329813	
-0.04090354286890059	0.04632129424830175	0.08906168799998995	-0.014887721947690613	0.05643636336628108	
-0.08877179206761694	0.06705432049799318	-0.06154999663557046	-0.02098062622200536	-0.03998379081492871	
-0.08397927123879015	0.08092620058724859	-0.02596916448925235	0.006139487695227902	-0.0011767468207349863	
-0.07691966338923423	-0.05792275810957968	-0.08890057225866702	-0.0027989010595205564	-0.04968703243732895	
-0.038378788612644765	-0.07614384245817278	0.041705632933097106	-0.09065546048885985	0.09059172946113841	
-0.0673083976374091	0.014952955458456369	-0.09476088878673114	0.05435220861073948	-0.06394879336404277	
0.005580795681625325	0.04801550863181431	-0.07001370301654881	0.010217434837394346	-0.05667655833424412	
0.021748318999335707	0.05050917504650291	-0.10715131406310578	0.03845064846907825	-0.11622798774571097	
0.03707310381042092	0.01870976933611543	-0.06992104063384685	0.012796640118441303	0.02010214751264265	
0.09002990319043118	-0.042941700348996074	-0.10922567306473863	0.07851393820639291	0.06659746688313266	
0.09761469149374198	-0.008635089438829149	0.12609249829399066	0.11582612119793233	0.013877962373040934	
0.04451402538223893	0.052017069030251925	0.008899730383053122	-0.03034751241883669	0.033229730416837605	
-0.10328381726741508	0.05563681074486665	0.07415084840722186	-0.05634299544897106	-0.07868067010213886	
-0.06653156028948555	-0.03726500258158994	0.061672486913437546	-0.004701457155367342	-0.05025759674217703	
-0.03387977375915158	-0.04948028575036902	0.08121517395761119	0.00862570899099607	0.017682437697759026	
-0.011176578596677117	0.06562707214630242	-0.014730369152753872	-0.030860235764899532	0.034994320961821035	
-0.05691725791867796	-0.006344687241262473	-0.03882878805746198	0.0239837844966274	0.0746729736247015	
-0.01945110347621398	0.0586883886867299	-0.021587268259459155	0.021094339466156877	-0.07968557110228253	
-0.013403698606470366	0.08186239773098733	0.021095800206186927	0.053354917447420436	0.0009401216191788631	
-0.050129618351482094	0.07870776318162477	-0.15898876174326868	-0.04317606094433899	0.0543871067682594	
0.0037893692800927796	-0.061291502232154536	0.07082477239079504	-0.047549881586636276	0.04109844513784236	
0.02825555438045332	0.0858725743674895	0.05476248495519249	0.09015268890230294	-0.08458512116329094	
0.1150794710441016	-0.08776191804154912	-0.00917893312670749	0.10818966402128352	-0.08638174524312157	
0.07455474206484128	0.07011059374196026	0.003452370491430008	-0.03740754157966492	0.06731255984836709	
-0.006984341157375381	-0.07229089598121043	0.08103524665113433	0.0753538428544865	-0.0032175529400742756	
0.08538736650415821	-0.01916900470857232	0.05831260864553945	-0.004342450974075986	0.010653328278624133	
-0.04410619392587175	0.08954208606976996	-0.013791997815013536	-0.05888488411565426	-0.0589404651550905	
-0.11472270241216545	0.04664495960999133	-0.012126021269334363	0.03858357512411816	-0.010542733140993287	
0.04036374998394973	0.04270689928282448	0.02831407074368339	-0.03890663161220622	0.017629756145385016	
-0.06404114046140513	-0.035636007322419214	-0.0654790759760415	-0.01827255499734752	-0.05171625040688024	
-0.03624060206918477	0.0985343471306786	-0.060782834935674046	0.07642140688902756	0.015452963403569357	
-0.024981796321217803	0.07149689981671933	0.02391734787371476	-0.04959338397383213	0.05857113559537752	
-0.025806640916976455	-0.026025170603343493	-0.05195976479329094	0.02534786218412102	-0.054600049629762754	
0.06969359717415327	-0.044433065918854424	0.0317403312336729	0.009456104373081187	0.08051222903146485	
0.07139628230997502	-0.061916365513699216	0.008295898621080133	0.07214019310720166	-0.01507196741135699	
0.10970071796144965	-0.04917339394059147	0.06002776300770338	0.06457282082117606	-0.037090184775281566	
-0.09255482156371524	-0.017638494629412926	0.09465334515935406	-0.026169855843343425	0.05913621352900858	
-0.05455514219106874	-0.03384067194587425	-0.05605399418908618	0.05518980827416666	0.046886710240356816	
0.04694938882291458	-0.05130269051864212	0.05202433683183759	-0.04429300607736371	-0.008897799800201256	
-0.025521115867824396	-0.028987207635965597	-0.0883205649625752	0.026414646146715296	0.04157313165211874	
0.033318224005672865	0.0273758253999731	-0.05083510800661527	-0.058376425560937695	0.00986312700829031	
0.07734646843013712	-0.06370016791117847	-0.004122622326297514	-0.011694258662413482	0.00103349649617114	
-0.06769784590279762	-0.031511871773037894	-0.04762391917929596	0.0689053886458958	0.06006644915528034	
-0.0364971771376235	0.025675419887968193	-0.10217251895683621	-0.02264790060926674	-0.05534401624327713	
0.07420163582820587	0.03359911917358974	0.031218465255418403	-0.07042329735825392	-0.0029629318147886344	
0.1070478061438717	0.08762365701157504	0.043263230697089254	-0.05888115307855591	0.03433419551340748	
-0.013025676974708755	-0.0008959689996833613	-0.053731947556462996	-0.010337736985234505	0.05235022163979729	
0.04781692775351421	0.016378077550209383	0.08325205618593746	-0.08816629886340786	0.09702880544605133	
-0.0894010914664021	-0.06010089077228773	-0.015449467671087819	-0.07849822476296647	0.02473408219954036	
-0.08274941708217513	-0.044683694678256204	-0.07688852013448819	0.049340134509656665	0.038817201831506	
-0.02428388134987955	-0.06236114799403576	0.04940096580598902	-0.03192414184690655	0.05906023348112857	
0.008922714643950658	0.00301677355534587	-0.07633664965681139	0.041767634421075284	-0.02199271980895283	
-0.12820108121728918	0.000849265398639369	-0.1182484688426298	-0.0894062430692306	0.049241497646952216	
0.007946201831331325	0.04801857438799566	0.0626567174016592	0.11716817352328296	-0.005065543953763839	
-0.052798742459516705	0.08129220373400674	-0.07492842996066826	0.08943758728594074	0.015454439084769574	
-0.3742771572494858	0.20442867188481328	-0.6156179061487234	-0.4871357398890968	-0.11846784267187452	
-0.11445631948160706	
