TESTRUNID EPOCH: 99 L_PCC: 0.8080218290766945 L_ERR: 0.0027299359892588616 T_PCC: 0.6908541129304175 T_ERR: 0.004255367563211969
180 LAYER: 1
5 LAYER: 2
1 LAYER: 3
99 :ILEARN
-0.003383587000273712	0.04790662872725678	-0.08531089358046177	-0.021134808649327836	-0.044176217818472314	
-0.3917055460456652	-0.35290789743209	-0.3506602602363249	-0.347566919766548	-0.35458163235293283	
0.0547193013923794	0.09612393033978182	0.008580245406872038	0.1467067985391786	-0.01095810836620924	
0.14430304411218128	0.07561456550325052	0.11499523166225727	0.036149823543519956	0.06788024120562419	
0.07774920589769854	0.1084376355998382	-0.020037759948155365	0.0559023933385542	0.09626410809807315	
0.13608584611460905	-0.03536792499343657	-0.036560185068152014	-0.009616948971533413	0.14321111403385955	
0.07391698612134731	0.11651806925273762	0.24555934160809428	0.16170826835840205	0.22769979739863894	
-0.14546079330728667	-0.06894223356569985	-0.050828778112725854	-0.20921795776582933	-0.07276096661336691	
0.06546901763197317	0.024763903162302703	-0.07415077628719181	0.023872943027033806	-0.11556756968136368	
0.09359147076617255	0.16113632384919857	0.06213953863848803	0.0589226616590386	0.05009658441727165	
-0.025371790618254474	0.09347979999824549	0.012836860603951962	0.02348762745936374	0.08422036463840832	
-0.12008417694759302	-0.01364081253437505	-0.10403358120462344	-0.01469766599526269	-0.002812236829186154	
-0.10985499581435722	-0.04861251681769176	0.00709503857069886	-0.048354530914539555	-0.12707924942547522	
0.005132347053536911	0.023869726496413033	-0.0017752582857852744	0.07701409847819245	0.020677207540884396	
0.10934196629558122	-0.04848263782413193	-0.043860360347138035	0.08991185305185233	0.013697714206683469	
-0.1387034149916458	0.012185860955911468	-0.09287425041643876	-0.028052915294415254	-0.04001909984872697	
0.15242547480464472	0.08853991021958019	0.12546189157591098	0.04542675304112518	0.04529935242071029	
0.035746648837503114	-0.05443903078184005	0.04911340677392534	-0.014065944795416466	-0.03156149493214773	
-0.20681378162796535	-0.03638723410144306	-0.13537218418066313	-0.10932296962460891	-0.17299673454063424	
0.041997917215550705	0.15965452127778348	0.10712372093633453	-0.005437797089392086	0.1377223390334009	
0.005089747615887223	0.03795935569093938	0.11870237765182068	0.012535051100519412	0.12991589980004872	
-0.9704722605339725	-1.0081865363515186	-0.9170421129040475	-0.9964971007885359	-1.0813395160552488	
-0.03993179975046621	-0.05090377078374904	0.11130249300900232	0.06507251398124765	-0.05610037459595869	
0.07524429449561264	0.0711698997983736	0.10666402757856952	0.06685768468140219	-0.04746380083229068	
-0.06294458919063571	-0.06524900270627212	-0.06300530084676438	-0.01633520803397729	0.11206516619185432	
-0.2671883192277613	-0.23723978024846498	-0.19675990051237732	-0.3399183068990529	-0.3639780251886551	
0.10183365224426583	0.1631219052859968	0.0933541465755401	-0.013197986645623449	0.16043370028509352	
-0.0013984434976876854	0.10552903092245419	0.027667905929253774	0.12486970579180758	0.11249210945114106	
0.08150892507319205	-0.013058100430287673	-0.016379785838532942	-0.004263525004344243	-0.000826256831365307	
0.051849862967552666	0.05525452961754411	0.16954439191404835	0.1429253129646662	0.058816224745714143	
0.06654974359608691	0.21903345945243238	0.16956243246944072	0.09470881818817796	0.13695792958953887	
-0.019369563021545654	-0.11927993539176611	-0.04903546668965344	0.024027925353566355	-0.012040299655935513	
-0.13305755559122442	-0.08057554646488023	-0.057922656934116315	-0.025887206551601	-0.17651900501250262	
0.025829516763361284	0.018929387402039182	0.11547947553667624	0.14464922069852285	0.16168653174239667	
0.18204480934648884	0.2804528097461423	0.22976899579461685	0.19358289689681382	0.2724523069520378	
0.1256329802428736	0.09540036430200136	0.028417228159498258	-0.01106062631778939	0.07012402344976197	
0.21607089025592702	0.10052510458908788	0.23688998264992514	0.10131140704265884	0.18089074730579383	
0.07221510367639844	-0.05181258584082822	0.03861431983571903	0.016126552722312778	0.09840567707852821	
0.05733591458078834	0.0013181863088138044	0.147788625390673	0.15816411744675232	0.20617059800831122	
0.20825360623865452	0.00555255105023654	0.06448420368968871	0.14430576496675437	0.23585156315949413	
0.06303821790982475	-0.017542704570745443	0.05607399098015573	-0.0010270964994965165	-0.057109236108222286	
0.001575846597622107	0.021467430854693832	0.01652205098252154	0.08335549520797123	0.08923443193520161	
-0.12252457262318824	0.0011009090541236584	-0.1606292494726385	-0.17178981661434764	-0.17508949884832947	
0.14229392325107165	0.024567203989736875	0.2316000592261379	0.20990084326905098	0.08495981409952211	
-0.041822344102474665	-0.014148452266487064	-0.05173704627544862	0.0847367432251163	-0.0039557806459873624	
0.045968278755167354	-0.02607342495419727	0.029475463065073627	0.022751273840287606	0.023983245672211214	
0.06351831532237809	0.0682191224422917	0.13022695754879973	0.02852888475475146	0.08532590834068003	
0.15032794211454306	0.010110775336946097	0.14300712251677386	0.11915931056522558	0.22032298765964334	
-0.05723091371900138	0.05752621213921413	-0.002601294590094809	-0.07929139811785096	0.032292335522616844	
0.013348214526359963	-0.09828112230978431	-0.02177189045437311	0.02404952521952216	0.07232671568554144	
-0.1709397945708358	0.016417336186679548	-0.10218699215011681	0.006984247305192235	-0.07926296608994884	
0.04938190879786224	-0.00919891812387339	-0.0016396668758811082	-0.059558952881686236	-0.0018832854854054684	
0.021041265614996706	0.04318926690735804	0.024149328288480237	0.005594536455851526	0.03408087865250822	
-0.09487320343612694	-0.02771421688905891	-0.07129538131462138	-0.08884949987602268	-0.09292551216856602	
0.07959524705286733	0.04834804011318983	0.12139014670874396	0.0837489543050603	0.21510679875362224	
0.11867147313652252	0.006592322151530496	0.07008863885243788	0.053715446688368786	0.1629972492406679	
0.14630346325384924	0.13973864564440128	0.09980521555020454	0.021810061003072735	0.03328432940424852	
0.03755219786066321	-0.023588277044507677	0.02985596218197374	-0.01906922509595454	0.006915933804052162	
-0.18701178438555596	-0.13212825588452654	-0.18277705831892377	-0.19901696739480965	-0.23548625889471686	
-0.07172244486140954	-0.015512325129764084	-0.072573148323626	0.10360920108601962	-0.050479403350149395	
0.05725292454476809	0.06937611355787347	0.036089921619055644	0.010552667755115415	-0.06934671651879122	
0.04843350277125755	0.01481578358525428	-0.001150529085399335	0.07316776782466403	0.02731726835237511	
0.09540210758029839	0.09059105233316468	-0.036259840383357236	-0.064088503070257	-0.040298890473683305	
0.077502960028349	0.10651908423221407	0.019753961261281226	0.02708387685361559	0.16147484465498732	
-0.023673815970040108	0.013847942707031664	-0.05697769765798786	-0.08407737870080736	-0.002039262641469544	
-0.10456113978875804	-0.15816029637246046	-0.07923008228716684	-0.1072489991803461	-0.09433904927531264	
-0.0626546757756806	0.05296654837325563	-0.04116736519456139	0.015702618991399787	0.068337662202919	
-0.2474779175500824	-0.18827266558513006	-0.08683065935103987	-0.0990284841372665	-0.18017031224685914	
0.096350031261691	0.10809896938589296	0.08627452918788693	0.09194495728378771	-0.04977095618041598	
0.05273640695058087	0.056426102121296784	0.04476173155270339	0.07717654834291333	-0.06492676729863046	
0.0034261728585303617	-0.0039982737439588955	-0.09481576647742748	-0.09321344849119849	-0.032336524428920585	
-0.04012118713351066	0.04636143386164991	-0.0190357372947633	0.04645299646712951	0.08708317184013013	
-0.05121626146530676	-0.08409280709187636	0.06533848581606727	-0.00786869368611052	0.08050722732049477	
0.01311018480801211	0.08384752491082648	-0.004794189371941017	-0.0084605921046718	-0.09026547587806998	
0.12660439795010156	0.029347432871181075	0.07914005546398672	0.20512527884277426	0.09176566344977752	
-0.07951340980959533	0.017954700072398525	-0.017914080332693833	-0.01989925613238109	-0.10934193937604095	
0.007640890899289344	0.023562061603785527	0.1075721701367086	-0.042814931871002486	-0.023155534049340704	
-0.04977144475141381	0.040454370703791966	-0.009943767447903396	-0.09685453287587147	-0.004376024731655651	
-0.03513946931430157	0.07555051851198889	-0.01874925738992202	-0.07256635179009702	0.04574374081025479	
0.11502072933400337	0.013233443458546747	0.09420698075907681	0.05154363934608861	0.06804242919800427	
0.057000463800146936	0.019075308367231616	-0.1191217545926626	0.0005620393582771139	-0.04349441594668654	
0.17033022197662034	0.010354340013709318	0.035772955223688674	0.0006066750073546294	0.08865140265655011	
-0.09952899732624418	-0.009871452140182316	0.020450960052823833	0.005269882346216053	0.02557238822523011	
0.008851439470452681	0.10061235296537739	0.025162114299544437	0.10453776749012185	0.07236683488244144	
-0.04996982007656073	-0.06610752251008954	-0.07547795690037354	-0.06650229708819634	0.01734244749145147	
-0.031713927654719	-0.05455548473358275	0.09743792711976168	0.025081683938870683	0.10605926836382558	
0.036329919314746446	0.026965325257087516	0.03644963794766304	0.03913314753993382	0.11333678687011478	
-0.0024882047235825827	0.0821024489381323	-0.07816596946856742	0.06053047406979886	-0.0531432446118835	
-0.011085951601346119	-0.12869135664684148	-0.023941820392556344	-0.1314935922474675	0.04779531149481243	
0.04253899125283963	0.024521083643089286	0.04414003664804719	-0.10054351941268057	-0.10305024404745926	
-0.08233837088562997	0.0016194747307412324	0.06080115205014666	0.07769081353919104	0.01848906900530507	
0.023411879007651487	0.057550116289195145	-0.04246440214996748	-0.0744086220574373	-0.08915638739627768	
-0.05614055628323842	0.07938449402799763	-0.04969311548744665	-0.02727937839545806	0.08786851998882779	
-0.03815312841479599	0.08610117722867189	-0.05025187112034486	0.001960706570490257	-0.04044655051311092	
0.12304389254410995	0.0019153792698734333	0.02580383185027333	0.03747994596673223	0.129050784040844	
-0.08600408663171719	0.03911413446840347	0.07566545741409936	-0.09143103439020135	0.008636070205892337	
-0.01827235306088739	0.08310527204768146	0.026517091406436436	0.05364550510784184	0.006733290519368038	
-0.0481427490372948	-0.10768997539456596	-0.16426249154082442	-0.06272647349303624	-0.12710373281550014	
0.048957349227029344	0.11952432351565308	0.03056305296587951	-0.006561480844556485	0.032432434694478776	
-0.01094743058038853	-0.003935781943212137	-0.03097983147961604	-0.012331602847110852	-0.15111901906252428	
-0.08556455362398849	-0.05967140251960517	-0.034818961250873574	-0.06781576591647337	0.013863556012816209	
-0.14782415374524244	-0.06633436421763693	-0.19022469685626864	-0.09467965033649703	-0.19034507614684998	
0.005196111289178134	-0.04792327100264955	-0.10539519097182727	-0.065143602577956	0.01563192103438194	
0.08385360469243669	0.07420824246199852	0.01620405664563655	0.09719184571437069	0.1984753230377366	
0.079426674401801	0.02981436752583144	0.11018487537553012	0.09350455575089835	0.039215391572285235	
-0.0323006895841593	-0.03133235752650519	-0.027444400140544823	0.054004348250606994	0.051818664871523104	
0.036029233660443936	-0.11753394121278767	0.034445996937314136	-0.012946101029626681	-0.007103718886787979	
0.06476494666030293	0.060371292276659556	0.032184596362320836	-0.06154333655361192	0.015703513324330544	
0.017682116858818254	0.06065461520866108	0.01603498993591785	0.014815303753135252	-0.04480974355868712	
-0.07149719532279006	0.06136572056194924	-0.011450895434402976	0.11703302235006725	-0.023065035731834233	
-0.025084344454759686	-0.006144448434221279	0.03588110982747624	-0.008613473630198513	-0.07578764538753993	
-0.0367130242872639	0.0010180208720207244	0.035247709684127285	0.048486663925304006	-0.06721292168734225	
-0.07326062058422685	0.02097357232044099	0.08408670419029908	-0.07655875681781395	0.06031217576109441	
-0.023000993836156267	-0.06523929139460348	0.022113259447538013	-0.026940800381137064	-0.15993324064348485	
0.026459397466493572	0.09506067517568995	0.09476497300738326	0.05783083710666779	0.07233316201509017	
-0.05852812385378343	-0.11762289523255086	-0.060152184839738485	-0.050437661802194916	-0.11477422079537512	
0.07746183794168811	-0.05890623703091114	0.05923215835160181	-0.028546955747353157	0.06316458658804301	
0.010199746882880431	0.07944217939531402	-0.0023158610520030306	-0.03413275504513829	0.08243653787300713	
-0.017869352849424803	0.06174450138115199	0.06919051505690714	-0.03505485410472022	-0.03195745006666306	
-0.041915611177275894	-0.06325886927076221	-0.009181656360752292	-0.08054823805826054	-0.05764781688635961	
-0.012510163260010667	0.006566686447014261	-0.13070969239425723	-0.09944758749065251	-0.12008994181068439	
0.02624641256884908	-0.013530772817250371	-0.039128244486919934	-0.09819287105705318	0.005780455716902116	
0.06263953288712698	0.14427509553506015	0.11222562402670093	0.07056370945778428	0.01864006669556707	
0.14269648965519274	-0.027699657452840625	-0.014305691777838393	0.029459630215473882	0.037542790203664286	
-0.06449912941465619	0.05022139433277405	-0.05567891787829791	0.03414793936902592	0.06281422780828569	
-0.14072547172261485	-0.060780990220525986	-0.040803881048963625	-0.0667484695903511	-0.0867860637617713	
0.00891834857111698	0.08644120253096388	0.1364581203498556	0.03359277592298514	0.11427566802344626	
-0.046541670310350225	0.10138229445164185	-0.017816956736456155	0.028005089404384034	0.018833619491342875	
-0.04440456681101859	0.1134517071988885	0.01449832243869925	0.044854676029747007	0.04721369492801249	
-0.12458736494358494	-0.1119605358012952	-0.13540872770064116	-0.058551005332142324	-0.10462900220447302	
-0.06973944416841081	-0.11799778818894979	0.010861174893534904	-0.11452677777841651	0.049870429693340816	
-0.029322343655680445	0.043911038189362796	-0.054760270029202446	0.0926540825978567	-0.019377729072122023	
0.04789661165107525	0.07978396146521938	-0.029693146553817405	0.05055909639381183	-0.008596049177841167	
0.14597073560213142	0.1224031023274464	0.030636174425183654	0.16607256359527137	0.021894811042825035	
0.08687255487574613	0.02359859034533706	-0.0012977063924162688	0.0698447139888831	0.061400733814267555	
0.11858907905365441	-0.02930410776338219	-0.0742575580996527	0.10120191241934906	0.08960172391575986	
0.09078598745441732	0.03898086684270679	0.08655817820474822	0.10597826949208637	0.03942208103057507	
0.037666783369500884	0.03053244667695467	0.004498779085278293	-0.04202225598956015	0.014005235657847009	
-0.2895041901095634	-0.13208876114209514	-0.12326203196452913	-0.2496812740642635	-0.29166680960336433	
-0.04526652105984034	-0.03870078478284915	0.08047056096776793	0.009352761825565046	-0.032062410720262585	
0.02137931506386713	0.03567040057526289	0.11741281927514356	0.06132700525866692	0.10561740107682802	
-0.06586716785529163	0.007697556555404857	-0.06624197875275918	-0.08953349064894686	-0.025294236566802096	
-0.018236336061893222	0.018254723486683114	-0.0037298193004546595	0.059190062090360616	0.11818604666310448	
0.062419081631924424	0.11717701943310048	0.06304462124460793	0.10405955992507283	0.015489208063447796	
-0.05874777549034347	0.04407323570438926	-0.019589264234836815	0.00516101490667822	-0.05588627437693043	
0.027935061016153492	0.0872521444660191	-0.060702752196064566	0.042518824288481326	0.12031414058818868	
0.09857395325876853	0.016731422593750846	0.16163367629052622	0.041139576028139245	0.15181859976473105	
-0.12365084772212946	-0.04126999357152662	-0.12068629648058916	-0.07135087581586676	-0.2482272366703771	
0.10381629165352063	-0.08123131807778379	-0.02893419379631853	0.09374493369929152	-0.08733901686151652	
0.10420396950594507	0.1026703656150354	0.02350014604318308	-0.009113691547804744	0.10414908778626762	
-0.04242625238289396	-0.10765872180697086	0.04982629517907602	0.041503704803251794	-0.04533276524573273	
0.07518032061720689	-0.015214131713908086	0.04596240709325114	-0.01363711852713257	0.015354252779655573	
0.02825207502389204	0.17179213684990954	0.04719276211943569	0.014568501297998132	0.03972366146605164	
-0.1581637562230336	-0.017286179049946657	-0.04848552934494417	-0.017425819693987588	-0.08182891935778747	
-0.10188305483212591	-0.10920653446382342	-0.11025018683554257	-0.17462473182770427	-0.15991347710352713	
-0.03635671056711297	-0.018851477945746223	-0.03532460077462308	0.004263345745609583	-0.0184968725922983	
-0.042588628347811124	0.059679983925930186	-0.060464045588737886	0.06220945525280745	0.0008553366504868103	
-0.004638155857998441	0.08950162164311157	0.04410671439214612	-0.02885915624536974	0.08429752545466197	
0.024733714104495045	0.004246709999010072	0.0022841591642376886	0.07757666973810075	0.003749641717721914	
0.06121639453314349	-0.05174603613202492	0.0033513787579340765	-0.0035386558292550847	0.07522633475681896	
0.151847130397891	-0.001434848401530545	0.08963020276208712	0.15303803630056434	0.07809945167044234	
-0.04285065393035574	-0.1659094912711588	-0.09958345914505948	-0.09858741336835232	-0.1896314987264098	
-0.09212874628143634	-0.012086649525719723	0.09284143959824039	-0.026006983334419257	0.062434344365448424	
-0.05380292441052939	-0.02212418545943405	-0.05999050413208657	0.05455851910626727	0.05341393452207935	
0.05697054525982781	-0.03328813738192529	0.05739116187854888	-0.03550824022567304	0.007953848938628254	
-0.005252366069670126	-0.011880334688668767	-0.06837977120192966	0.04668661763242288	0.06590428095748173	
0.056501414451768615	0.058375626126404796	-0.033912091509336	-0.03638718536637028	0.04343615720097347	
0.11969446163074221	-0.027608985281708073	0.03430474519036908	0.03179113124332474	0.054546438205828746	
-0.08847648406252383	-0.04842960908966712	-0.06764582595996109	0.04462341592341073	0.03659869964501098	
0.08005336056951362	0.099685368035397	0.021397665956095102	0.09582478574991013	0.07222778045797264	
0.08355377728890434	0.032146668523835645	0.04358309274596243	-0.06490629114162626	0.01971706893672119	
-0.1618274549894008	-0.15574385109046654	-0.2266326039942657	-0.32868940936833974	-0.2635298583194977	
0.008540078078620448	-0.009157225235902445	-0.014749369149581469	0.011185910666506389	0.061099928873669704	
-0.17126385147953505	-0.20236803919443017	-0.14861323356803746	-0.3045928412734908	-0.1622426466660137	
-0.06160034499192573	-0.03663158510817677	0.01063674386798023	-0.049665886419155945	0.05700405895187421	
-0.07384597755323417	-0.02995047344239941	-0.07298903513560083	0.05645722564971816	0.05302901664730968	
0.020161485179701177	-0.024504259940994956	0.09383901441099199	0.013516536062774807	0.11293356157938061	
0.12002881486031622	0.11225558342289312	0.026107115378714418	0.15513111952123695	0.1211842701938413	
-0.054484775532453934	-0.0339791717445559	-0.03248467622431492	-0.031245747042776814	0.0683034962623216	
0.11821071717072071	0.17397923092137413	0.14694830594978311	0.21506580011278267	0.14344241699706073	
-0.012929653850114638	0.006213687854543507	-0.07823850972595113	0.08704643098336544	0.08367898774690961	
-1.1672645152113004	-0.9875494264269353	-1.0569836128898311	-1.1711801062951104	-1.4224870250888337	
0.8373540730741298	
