            A        R        N        D        C        Q        E        G        H        I        L        K        M        F        P        S        T        W        Y        V
 1 A  -0.0357  -0.0035   0.0103  -0.0086   -0.047   0.0289  -0.0056    -0.04  -0.0178   0.0107   0.0051  -0.0111  -0.0016   0.0218  -0.0416  -0.0218  -0.0244  -0.0075   0.0148  -0.0331
 2 A   0.0717   0.0064    0.052   0.0057  -0.0075   0.0077   -0.009   0.0877   0.0085   0.0151   0.0375  -0.0029   0.0245   0.0437   0.0466    0.012   0.0251   0.0113   0.0012    0.021
 3 A   0.0294   0.0662  -0.0199  -0.0117  -0.0344   0.0237  -0.0189  -0.0213  -0.0068    0.022   0.0113   0.0557   -0.012   0.0053   -0.002  -0.0037  -0.0099  -0.0203  -0.0023  -0.0116
 4 A   0.0134   0.0718   0.0212   0.0209   0.0042  -0.0068  -0.0151   0.0079   0.0461  -0.0245   0.0201   0.0423  -0.0071   0.0361   0.0173   0.0045    0.011   0.0285   0.0168   0.0045
 5 A   0.0169   0.0496   0.0254   0.0445   0.0465   0.0576    0.017   0.0122   0.0037   0.0138   0.0191   0.0075   0.0489   0.0378  -0.0017  -0.0076    0.028   0.0267   0.0285    0.031
 6 A  -0.0011   0.0524   0.0284   0.0118  -0.0232   0.0272   0.0225     0.01   0.0269   0.0207   0.0524   0.0598   0.0464   0.0587   0.0158   0.0109   0.0328   0.0364   0.0233   0.0384
 7 A   0.0255  -0.0119   0.0311  -0.0262   0.0195   0.0134   0.0475   -0.004  -0.0157  -0.0107   0.0059   0.0153   0.0234   0.0262  -0.0083   0.0108  -0.0022   0.0129   0.0032   0.0249
 8 A    0.044  -0.0347  -0.0118  -0.0385  -0.0221   0.0063   0.0158  -0.0264   -0.075   0.0138   0.0015  -0.0229   0.0121  -0.0006   0.0039  -0.0075   0.0136  -0.0314   0.0021   0.0568
 9 A   0.0304  -0.0114  -0.1566  -0.0086  -0.0053   0.0228   0.0021  -0.0451   0.0514   0.0071   0.0567   -0.006    0.105   0.0329  -0.0201  -0.0152   -0.002   0.0068   0.0079    0.043
