TESTRUNID EPOCH: 99 L_PCC: 0.9196780998769309 L_ERR: 0.009471005318999314 T_PCC: 0.7363080568514541 T_ERR: 0.025536623529720325
180 LAYER: 1
5 LAYER: 2
1 LAYER: 3
99 :ILEARN
0.1373030823269069	-0.04808701346323145	0.06839369030783063	0.09309780832965778	0.05383960092467164	
0.0012153442385061976	-0.10036350462966194	0.05495338079392074	0.0483314071082527	0.06534659477699653	
-0.28314006718071677	0.2271870680252845	-0.33084536699376643	-0.16789177947096723	-0.30069691701410856	
0.4092997722360338	-0.2670438040389498	0.40657078667761815	0.2549916288097408	0.20621235062705903	
0.13578466474810041	0.04315489495641084	0.03668859084826195	0.10417596842501756	0.13367093940816996	
0.4491730268885678	-0.32675734898648257	0.29873013713469265	0.25483665201921496	0.3611515974071392	
-0.2718046006817996	0.11910123489699094	-0.12904704241070358	-0.17492020882188927	-0.13361343959065816	
0.13480199055376196	-0.07520500766490236	0.2540695923272606	0.053047824649092655	0.18472553468973632	
0.19429633271552266	-0.004520383340374907	0.06322322616489236	0.14633173636855784	0.0020332550807721636	
-0.0744882528596041	0.1331903808665515	-0.1072308338405339	-0.09595430882409708	-0.10880639668302065	
-0.19402038544113262	0.08580519064588543	-0.19223420403453792	-0.16760477472928184	-0.10265182279523656	
0.047567854047924546	-0.06632989599698942	0.07972720436943985	0.1382593753074289	0.1486877205384962	
-0.45997132518238004	0.24452727282109807	-0.38043123081860863	-0.3812450622277099	-0.40991151383391733	
-0.4419695379600681	0.3681823073313219	-0.44084487578473913	-0.3278156368062911	-0.35991687846899023	
0.15457541575554937	-0.12617872880774947	0.007706527894418894	0.13011545483747283	0.03608886888418437	
0.11421773943016787	-0.025154746190980234	0.16760714663703602	0.2101471129159812	0.1966416984947147	
-0.022427964543214003	0.09808598345540984	-0.06520162878664004	-0.13192048076225002	-0.12161483054967319	
0.012602595359783182	0.0274870707849653	0.035099166753484144	-0.014153496314287018	-0.02333200664689587	
-0.03639909366181325	0.06481048025436503	0.03444741192854019	0.05030653410233532	0.014112078938884793	
0.14074400740809362	-0.017325245476312985	0.21981612496648023	0.04759056079615029	0.14841113712534232	
-0.11347035856128503	0.07471609550853629	-0.02035304082211018	-0.1163990629151681	0.010422749686607677	
0.024672023158360548	-0.09683575143068875	0.08588744674875226	0.03817938350338479	0.0994645700902961	
-0.03229142873147595	-0.09314596164844784	0.12254585913558103	0.06788766532990852	-0.06015825385801715	
0.0834788601871575	0.030759430997496336	0.1201189434824394	0.07044327670749566	-0.04886944329368126	
-0.05605253565107366	-0.13345396291687625	-0.04951561453893843	-0.010240271371704378	0.10437821297335871	
0.04186959302236502	-0.010706391500641966	0.10562502048725463	-0.045195158076195154	-0.01672138202459522	
0.01715185429165758	0.09391914966393491	0.01220604385114199	-0.0962705421254114	0.060126534536123266	
-0.05340514523179592	0.06142103912375582	-0.022427871187165646	0.07270837091188573	0.04942432854743692	
0.011248046798083777	-0.072708954867863	-0.08801646209755767	-0.07573130885185253	-0.09108962429104767	
-0.06558148115596578	-0.050682395413739346	0.05989587465817693	0.024382026675048032	-0.08473239302629859	
0.31456618881965004	-0.12102364713808574	0.4572854563427269	0.2918686830072037	0.2787905334350054	
0.14180178001805474	-0.1211095375101462	0.11457884977806906	0.1751107708097454	0.1414153010864612	
0.017179275362386216	-0.041921736920233266	0.09790087842407433	0.12606863494158238	-0.013706033551301981	
-0.0026063143297608356	-0.14140555142805308	0.10028457579565686	0.10218850697280116	0.08920665466725478	
-0.8414419972187623	0.6551803642720373	-0.8863075075525205	-0.8618839363532784	-0.7695419299159874	
0.13303134528473665	-0.011007103289226518	0.052426732147049265	-0.008480050066648714	0.04895747856220933	
0.19672308718753617	-0.15732319234738582	0.2400989689656985	0.0655054268537795	0.09101472982607012	
0.060950912748669095	-0.06131314347533445	0.02789217617598802	0.004934061824746733	0.08496159407987014	
-0.047340645902577805	-0.08680778186319525	0.047013192657733904	0.05443560590864935	0.0815631705007048	
0.2428729144958846	-0.18349402375649917	0.12471267603240428	0.16055648199104458	0.21921046028591698	
0.015236627590851705	0.05788989434272417	0.0001614445430865799	-0.05288601267845467	-0.08323996156020957	
0.30600114907335274	-0.1785478644598221	0.3263869297996357	0.3456727603467706	0.31383425994688113	
-0.1194010597376546	0.14891912449448363	-0.1464692226433228	-0.15650608472365707	-0.1472217037422775	
0.2656813182964388	-0.26107382491503167	0.37093349319207974	0.3004319278489015	0.10080276857623072	
-0.06337737782502562	-0.034504372267773135	-0.07189400067774913	0.06234794238860061	-0.030151302853629068	
0.16497365669766703	-0.019259912101187854	0.16488514815901434	0.13136039680576983	0.14101411105217762	
-0.005608443573179565	0.019668530993100487	0.050319570640753236	-0.048634568197921973	-0.018776820786601017	
-0.07504278448375352	-0.04629378951508282	-0.057499598792175415	-0.09919474619123358	-0.023231140599725978	
-0.001117533619732163	0.05415729899469612	0.056551521589619375	-0.030780357038961564	0.08679557275230426	
-0.038267214306538996	-0.03910472988440272	-0.08927590415536572	-0.027538400520741555	0.0015862113344070347	
0.027887257502433142	0.049229930896203714	0.09921060429411444	0.18572230163616127	0.0961164630280218	
0.19382738165418764	-0.07775284738743474	0.13880410833567236	0.06332450742850948	0.11109606107442137	
0.04584172047824453	0.07648442715281305	0.043237166577917666	0.03359649146795775	0.06263080510564134	
0.1508640818950363	-0.07554925993136753	0.19048859728961098	0.13155378459457093	0.11895029748659555	
0.04729243418197949	-0.07023093885480919	0.10134553831984339	0.04162904032758528	0.14650968694484917	
-0.15364968497860176	0.07094647441511484	-0.2167825594580828	-0.21704980815002972	-0.08804373108995775	
0.05121039195075304	0.09830180549009641	-0.003344026540981336	-0.07373779541794391	-0.08094185148338867	
-0.06597111790359214	0.09950011001853473	-0.08243627080503517	-0.10158681719588022	-0.05082107058178304	
-0.05026130661024512	0.11105397256724192	-0.03330990248596857	-0.04958866305753492	-0.05556436934566604	
-0.21136880147943612	0.09437115571017671	-0.212572613031616	-0.050702779144404166	-0.1605835393504705	
0.10192088345076446	0.05832400311410026	0.07856030427450263	0.03401383252332908	-0.04443746117025248	
0.06978693903195239	-0.04622541311724584	0.03941629183179699	0.07661161303689665	0.029330538329464455	
-0.008133064380773047	0.1383437352670501	-0.11034785085966027	-0.1343111708883254	-0.11381962561815076	
-0.006593163340440072	0.06008919994450145	-0.05840917566040191	-0.06010707442610543	0.05730444218280438	
0.05961749176840904	-0.03551682830153992	0.02484329310428461	-0.02774698581300844	0.0502217305025841	
0.03688093704805862	-0.09910525808660008	0.07385740068442657	0.04486799474851918	0.06268594457804627	
-0.11310813776296263	0.11077212007208621	-0.13266847048399513	-0.08184538481555577	-0.00930855367316966	
-0.09251800758588449	-0.0190815203283135	0.07849339303523138	0.06652902715462068	0.011999717416747852	
0.11894967113284075	0.06684289975120732	0.11916928851109211	0.11661679968876174	-0.036697649423539445	
0.09636730157886829	-0.0005344683466467953	0.09528148630808835	0.10185262816937926	-0.04407035158149114	
0.2356677483407792	-0.07756921526712984	0.14763615419134712	0.11108245863039211	0.16517271291702848	
-0.0024488319928911133	0.05736291194687814	0.01347363178760618	0.07686764234927468	0.10681347752116206	
-0.11320495576770946	-0.010685424699211538	-0.0043729509275953985	-0.059515523896335985	0.029133988203482862	
0.13979875558631724	0.03207560582462544	0.1286670034527197	0.10382061168871964	0.012727528985765782	
0.03894800024719017	-0.11590943286367442	-0.015712789381391028	0.08437397644042668	-0.07875045070260746	
-0.08504997390439288	0.09163536697078997	-0.025410255724359593	-0.017392618988129275	-0.10928678753401376	
-0.13241215578630114	0.10485200241535658	-0.03278933173629299	-0.16787499816760162	-0.14780839439818677	
-0.08355423749698544	0.07809398677969977	-0.04528443305959609	-0.1189271531671793	-0.0276875092004973	
0.026293920286025087	0.008366649781782044	0.047092913015397524	-0.023012746341224393	0.08864477029214607	
0.010401325283377928	0.011413736750067065	-0.011470222815122765	-0.06518219417663335	-0.05614145416894092	
0.3392406442726509	-0.10817437507636515	0.16222593903467025	0.2537888503101136	0.18127389701083144	
0.17669995695197355	-0.10557203800256333	0.053066445859518654	-0.0038021323610497536	0.06984332614339862	
0.04857462263389406	-0.04513456163042304	0.19287488221894883	0.14019601033988086	0.14598346650520147	
-0.15196897809409743	0.1592818198455343	-0.1622237271874145	-0.06745866396225352	-0.10102269937374397	
-0.2985006981049596	0.09092726041834148	-0.331519994106889	-0.2882868564385495	-0.20048916385260585	
-0.2898650562234207	0.06531554086245256	-0.1881573141154248	-0.21879703284499272	-0.13695631821360177	
0.014185174446026488	-0.02697460305702389	0.0229280679879717	0.020573739842002985	0.08434010724848882	
0.1193524672626019	-0.017521547421796825	0.045170439790744095	0.1639020763110288	0.0177117747061559	
0.05879097071675412	-0.1264908996804127	0.040143046259828424	-0.06945359943540014	0.11335299189956662	
0.24286395272436895	-0.041587090430299026	0.26576234064908144	0.07027617659463847	0.05946541156570543	
-0.20510730686043382	0.1359186609974405	-0.08642617746197599	-0.0527867490239793	-0.09384306756364726	
0.21445947389410716	-0.015997476317014217	0.18062048740668782	0.10395382076970353	0.06868108934741292	
-0.2344651602899258	0.17456369145640227	-0.2541640354836767	-0.1972174671839549	-0.0742540729556541	
-0.011050365562163985	0.0782038621963191	-0.013223675153669755	0.02634019103557322	-0.016241609431058637	
0.17614304666991892	-0.07296333821980941	0.09709364974889573	0.06287890756273701	0.16879857763963035	
-0.14183017786623503	0.07029069521540453	0.03019874181479541	-0.13754159145685604	-0.04809562386583092	
-0.018059027281125874	0.07279119775842068	0.022617788828111957	0.0390664653066376	-0.009991516292893072	
-0.046159643786389225	0.005695866410565566	-0.17532186764202243	-0.05337541954962427	-0.09634712620808385	
0.10660421446387619	0.024618413335746474	0.10491675748321094	0.04340028967612472	0.05523068319890497	
0.17402992865782	0.049018196844505174	0.1815800239400861	0.155655178749646	0.035502945266150734	
-0.00744403060283198	-0.08063018683338029	0.03857679925337554	-0.017399705081151604	0.06342314650079857	
0.0473664737300095	0.02560880392375492	0.009475549861013134	0.09130784453803376	-0.006244920086174001	
0.1363032969745319	-0.09580874234708467	0.03645381313016856	0.04061234031928174	0.12324978498671081	
-0.04757852429462331	0.025345577282204948	-0.12964994036856184	-0.0288070570521613	0.054405813171113454	
0.21412585318120814	-0.08449906716380848	0.24102752656506501	0.20982524639985461	0.13485078786450277	
0.0054471179774308815	-0.10617717813617583	-0.00043735892731937775	0.03691185870095176	0.007564872952004186	
0.054019767526762845	-0.029232272316953346	0.043488234558303494	0.013838858232098421	0.02314950746265098	
0.04616672100640822	0.020639902063997437	0.03687590443705192	-0.06821691317728382	-0.01362057448848323	
0.06206326755839147	0.005562971136870662	0.06292102987221487	0.04697890509477413	-0.022934300267749057	
0.05226932479746593	-0.01195818004980498	0.141414078232343	0.22408059678796577	0.07063838627109417	
-0.1558463247286963	0.07717050546811798	-0.0745568194811761	-0.11412695387291957	-0.16886629178571758	
-0.15743872570911846	0.08537145608413792	-0.09051565028781028	-0.04923542074046694	-0.1603644732602343	
0.0393851449032323	-0.06277155148531127	0.20053930243570867	0.005671003575747385	0.12289046627035166	
-0.08987070231424309	0.07945041624193998	-0.0580897788371354	-0.10649512094820626	-0.20550277136042847	
-0.057026976865740514	0.1074891888899864	0.003687974611202297	-0.027243252538024197	-0.015794317964560038	
0.014526567520332842	-0.04850201472503818	0.008763580622478508	0.034435969428100316	-0.04083397671594918	
-0.09191132557577973	0.06307048571797867	-0.11143962221185917	-0.19649061027494746	-0.08298051794993437	
0.059733004163277204	0.01001420349353869	0.04982297337250046	0.0072343026773925585	0.1105286959637419	
0.0318377159890056	0.002099920960145489	0.11887603447731086	0.003409695859204519	-0.009096104408712094	
-0.07035318039400162	-0.066442510756578	-0.014889717373757848	-0.10829540899543275	-0.06802319212701369	
0.05365572398048027	0.04447532490944137	-0.05377892723498141	-0.03018706003565368	-0.04993940747677784	
0.2550511639775941	-0.06509220146641816	0.18993827057848023	0.10422168007998213	0.196456521030836	
-0.12330212792851387	0.1716733564678495	-0.07418306029165848	-0.11023805477977666	-0.15922763696494832	
0.2794241020008999	-0.19359788397768607	0.13135260125327897	0.14548964633296851	0.10733659098601891	
-0.11190948936539091	0.07675198944603963	-0.10121864141540324	-0.01261759983402121	0.016672440904094837	
0.06582702595987	-0.04855453174627143	0.16819427147294566	0.11801963043277135	0.10720615511561862	
-0.062298635866879205	0.06236806942105507	0.05938978741721815	-0.0486631847514353	0.026796888647266755	
0.04866349444957933	-0.017125997223730028	0.08151705364366008	0.09537625482772324	0.06757683480222645	
-0.1472551358104212	0.1272070620741921	-0.10673452510359828	-0.07027193128786133	-0.07183462551082549	
-0.01167352352735886	-0.0849244001108019	-0.009824899066816729	0.06152812352923637	0.01551736867508896	
-0.05331623249784604	-0.04131273122774404	0.006728687908097852	-0.12073736157506655	0.03978855954712951	
0.03948834821866116	-0.042157905068184634	0.020135449354590357	0.14743387894225746	0.01640277526674842	
0.05268116178350118	0.013437840971648974	-0.02885188519476031	0.03721131811451406	-0.02598133492752094	
0.04962127194525385	0.06540026001737638	-0.06743054767806698	0.05951655825194435	-0.10457017241841213	
0.08781624248752785	0.0008590563008525911	0.003988202100673518	0.06468251848382527	0.0653328875638085	
0.05800149356349054	-0.024575585648791323	-0.1129750540162277	0.04109358562132668	0.03110797993702515	
0.029010776817080728	0.014699473049783295	0.031567490718427675	0.043019581768030946	-0.028918964357484242	
-0.14528634939966378	0.1902040603412224	-0.18256022786680529	-0.1878496878225497	-0.12299732609991515	
-0.240827800901766	0.16463115467934022	-0.08371123845563312	-0.1862156042132502	-0.19839999918547857	
0.07606961865503009	-0.09976580492393895	0.2312981172308281	0.11439624140756084	0.06588405486544832	
-0.15582380190487535	0.022159989167819152	-0.07318223198402109	-0.11862082501600207	-0.09793909602455801	
0.11039427647348457	-0.007219468022592152	0.13305915707946941	0.08008809578058854	0.15136940279561534	
-0.03780357279662155	-0.020712087195276292	-0.016368745323460887	0.050385782221227846	0.10301489163111507	
0.24539719936403612	-0.10869275402887238	0.26352196095172026	0.2507602560534182	0.1253226120215311	
0.008620095451561118	0.06139491854167422	0.04043451690616992	0.07472428092602373	0.01864514896894258	
0.11453750511234626	-0.0007661423758991899	0.04042177853040648	0.11715987690811064	0.18096739187979627	
0.02883187978842404	-0.07090905463389935	0.07530874920822975	-0.030951629455786042	0.05311661436449401	
0.14033706912291322	0.016072379877544042	0.164479009952684	0.17483251086452822	-0.004499200931785746	
0.23552856532709737	-0.17370962971795387	0.09796123028219506	0.20332050698861676	-0.00032868131018193753	
0.009329030664898492	0.10068920694092806	-0.08321634724112767	-0.12956586655929614	-0.03303449575895742	
-0.052582651037789925	-0.007311029832123024	0.03647031435444862	0.025307147097016567	-0.03960368030915092	
0.017568829052835206	0.008866979943098133	-0.024117652368680725	-0.06515967155737445	-0.04024029640515789	
-0.1314818949418589	0.15371730569213785	-0.12077606098476917	-0.145425769395501	-0.1419403860760254	
-0.024520217134722293	0.027511911110816765	0.09014020556215155	0.10646646578481615	0.0529077286929846	
0.17108888740729614	-0.019200675564565655	0.17538436694218384	0.06913142138312595	0.1186898667136486	
-0.1992707939578377	0.06652885147477453	-0.20743232366545838	-0.15455147254896268	-0.17072998576292858	
-0.09491839793509639	0.15844810059669526	-0.11909689870787986	-0.007041088162419393	-0.045473107454801875	
-0.016252401772043304	0.06730156264464547	0.03398167145567086	-0.041698908751751064	0.06557994109074222	
-0.11710257443537611	0.043055226726920165	-0.11443965968404189	-0.04878032848569672	-0.14452765757841154	
0.001533917527661674	0.00017295485106173986	-0.04486991298574419	-0.0531101170935491	0.037287486174712475	
0.45816426424409473	-0.30804043196593384	0.4247215616125695	0.41651002815083443	0.28573745528296424	
0.20479366124830822	-0.1116241899868053	0.15833794496335668	0.1428616475462544	0.04665544435137288	
-0.09724649748845665	-0.016655207525860777	0.0876963783713468	-0.03139437803391869	0.055948859096520004	
-0.06505273743451852	-0.031609432739509516	-0.07108045583238065	0.043354162829275206	0.03986152473936283	
0.037699463589783766	-0.04932079310274007	0.038472024324681775	-0.05454049181681009	-0.015070176813732059	
-0.025615575666462553	-0.02893841767597556	-0.08846903855174873	0.02632932537318794	0.04146332053633989	
0.022717738900567122	0.0296625512326249	-0.06601185715654845	-0.07011064021222752	0.00283500870517657	
0.07506654527090781	-0.0632093116905556	-0.007432176258348022	-0.014213533194019412	-0.0005421628160967307	
-0.06769784590279762	-0.031511871773037894	-0.04762391917929596	0.0689053886458958	0.06006644915528034	
-0.29698817366725555	0.16954883067766138	-0.4157595063457656	-0.3095183564090877	-0.3459844669367035	
0.14827771770791673	-0.0086223276474319	0.11400292191995783	-0.0060694166155983425	0.0778702598166667	
0.3846424049171897	-0.0689234278901065	0.3511600747713522	0.18763251251269286	0.26717291638251756	
0.024656470569910605	-0.007758717217588498	0.0040928367586038445	0.02261118848402681	0.07171921973326166	
-0.18503981017443535	0.18155285197550752	-0.1877862166543731	-0.31572451820308	-0.11261772740404287	
-0.0894010914664021	-0.06010089077228773	-0.015449467671087819	-0.07849822476296647	0.02473408219954036	
-0.09040148719022655	-0.043075223798611575	-0.08779266377606579	0.04070386622101624	0.03369123351789641	
0.1430039976870683	-0.16329499121551166	0.22855294091326123	0.10994139952425874	0.18713225120942248	
-0.36402513370667183	0.2536970758026435	-0.4491677089123089	-0.3020935174239581	-0.31621174444762795	
-0.29773679986513363	0.19552627638712156	-0.30211165327493317	-0.2570033272139048	-0.13727511062771502	
0.38847055232160327	-0.170841102789381	0.4671037137217992	0.44069753910958637	0.3048601737423527	
0.28532980445793493	0.011329305965596875	0.26551830629952317	0.24513798506610893	0.1598010464755378	
-2.0522645439684135	1.7943328077698943	-2.0829275965211673	-1.7315680561479787	-1.510379438065537	
1.2183010903661653	
