            A        R        N        D        C        Q        E        G        H        I        L        K        M        F        P        S        T        W        Y        V
 1 A   0.1198  -0.0477   0.0479  -0.0575   0.0445  -0.2765  -0.0369  -0.3279   0.0486  -0.1047   0.0858  -0.1138   0.2969   0.1152  -0.0368  -0.0168  -0.0957   0.0127   -0.138   0.0362
 2 A   0.0309   0.0847   -0.027  -0.0195   0.0681  -0.0266  -0.0751  -0.0834  -0.0597    0.139  -0.0396  -0.0502  -0.1605   0.0561   0.3923    0.046  -0.0274   0.0606  -0.0872  -0.0004
 3 A  -0.0549   0.0301  -0.0236  -0.1632   0.3441  -0.3963  -0.1436  -0.1139  -0.0546   0.0082  -0.0666  -0.1822   0.1051   0.1301   0.0062    -0.13   0.0714   0.2935    0.037   0.1049
 4 A    0.156  -0.0972  -0.0208  -0.0691  -0.0122    0.003  -0.0318  -0.0519  -0.1656   0.0181   0.0045   0.0702   0.0478  -0.0535   0.0022  -0.0903   0.0381  -0.0199   0.1534   0.1949
 5 A  -0.0391   0.1548  -0.1426  -0.1915  -0.0133  -0.0339  -0.1468    -0.04  -0.1186   0.1274   0.1672   0.0939  -0.0346   0.0726   0.0687   0.0087   0.0644   0.2099  -0.1222    0.183
 6 A     0.07   0.1074  -0.0217  -0.0189   0.0582  -0.0894  -0.0831   0.0119   0.1211   0.0678   0.0638   0.0649  -0.1692   0.1377   0.0226  -0.0128  -0.0039  -0.0624  -0.1155    0.165
 7 A  -0.0664  -0.1042  -0.0122  -0.0481   0.2051  -0.1072   0.0115   -0.107  -0.1262  -0.0483  -0.0844   0.0311  -0.1104  -0.0364   0.1463    0.083  -0.0001    0.151   0.0988   0.0677
 8 A   0.1726  -0.1039  -0.0909  -0.2074  -0.0943  -0.1098   0.0382   0.0921   0.0284  -0.0484   0.1014   0.1266   0.0586  -0.0381   0.1309   0.0264    -0.14  -0.1939  -0.0698  -0.0163
 9 A   0.3579   0.0871   0.0217   0.0595  -0.1161  -0.0871  -0.0778  -0.0025   0.0192   0.1173  -0.1471  -0.0569  -0.1716  -0.1089   0.0092   0.0444   0.1939  -0.2933  -0.1646   0.1741
