TESTRUNID EPOCH: 99 L_PCC: 0.7173537807120165 L_ERR: 0.01616771006944136 T_PCC: 0.7471321844615486 T_ERR: 0.020133080800649853
180 LAYER: 1
5 LAYER: 2
1 LAYER: 3
99 :ILEARN
0.002947145744565841	0.039512643093879043	-0.07227540124499594	-0.020501012968962652	-0.046722104515015045	
-0.11168975090589267	-0.05442287670577233	-0.06109818893616837	-0.052946496373435015	-0.019709484892716345	
-0.0031737881730899992	0.03349885690859542	-0.046760316230235785	0.08886157883273849	-0.08340312308419952	
0.08485252472447419	-0.03087965149069113	0.06052378984528078	-0.01964722340557178	-0.01732987836652629	
0.060148913735107334	0.0936523151438795	-0.03731516436815144	0.03846452313386281	0.07527783045920766	
0.08680449703183844	-0.08519692106234242	-0.08465720982237265	-0.05799531546131086	0.08207513339430647	
-0.08033063323338999	-0.015778474998989572	0.09157790603010038	0.006633056994603412	0.038375422790094676	
-0.09534768598092083	0.05311314819182558	0.00830890575204263	-0.15459854090340466	-0.002419646834883544	
0.14496240002975688	0.03664658533281515	0.0016052974205394543	0.10614653280048547	-0.03838983390108829	
-0.01042129476481897	0.08171910061861912	-0.0412771703252641	-0.042444932282730254	-0.07399428557634447	
-0.09612660842594059	0.03576710658797819	-0.05767437679998819	-0.04689066812555476	-0.0016853681439323448	
-0.09863530310239303	0.017418132085440498	-0.0793570819306587	0.008337598739890996	0.032243013933492014	
-0.07953311423443483	-0.017188802436086337	0.03888003154554903	-0.01716414609461947	-0.09000930821078257	
0.02336091806682359	0.02839169360136127	0.018752349738155243	0.10468779990580854	0.0312752409574312	
0.09333892814044278	-0.07603509381330421	-0.06003246499452698	0.07447950306314631	-0.009600594372765768	
-0.12079359954166641	0.09957854889804306	-0.0813702422865278	-0.004368974922047678	-0.0018411320732260328	
0.07666121824116198	0.02473444141112177	0.05018848680546745	-0.030220331604431494	-0.04601442164699479	
0.043773442027163344	-0.005051194708854659	0.05924613859787043	-0.0021931004718322863	-0.005772079110045851	
-0.067490068888481	0.08729611092242684	-0.0010962315275131957	0.025390059257175215	-0.009993215857480602	
-0.05259460395139446	0.08067590411245076	0.014735897334457168	-0.09942593459376821	0.023428982724144773	
-0.03467101964558077	0.0054116204515218536	0.07718841986215491	-0.028546047999500043	0.08170703018395983	
0.04512649561279921	-0.10233631741654874	0.10568978362416238	0.05839893137757471	0.11697813688342186	
-0.05374639746078096	-0.07556341942636058	0.09798594906113237	0.05126737850533377	-0.07649993590622023	
0.06255835349723356	0.047755055080605895	0.0959306515265969	0.054044581848479926	-0.06498328798650159	
-0.08396699930521452	-0.0978882662627571	-0.08274838366389412	-0.03852415854488816	0.08233702051516519	
0.01953192348868944	0.007542250809933301	0.07993586699020025	-0.06307611267053109	-0.0338429428299388	
-0.3069448487156771	0.17973069266873692	-0.294664971682036	-0.4254315132128528	-0.21746830053173385	
-0.04162323379296854	0.05836150445881036	-0.01099558669055997	0.08458070681216408	0.05959206638174148	
0.023250806507310328	-0.07581391943908689	-0.07635520997677495	-0.06338967449467192	-0.08053952892784567	
-0.044783758745698475	-0.0640174768420506	0.07519171154588378	0.04631963291601601	-0.06869544099397284	
-0.08560514406210265	0.09345526600005441	0.013620092383988425	-0.05934135306780191	-0.04953485108593532	
0.060087150952647835	-0.06382942741620999	0.02742298783546249	0.10552469977278735	0.07925594231260949	
-0.04023256505721211	-0.0042824466790896114	0.03546830801896589	0.07769802489625251	-0.05833759574981	
-0.0962847595645181	-0.08599557125615553	-0.0027309778125936407	0.021265892330666072	0.013770287417296273	
-0.00463706788995534	0.08908874899783271	0.04666219212413583	0.008396977450536521	0.03779335190388132	
0.08424148524060983	0.02425980651758334	-0.012673934755185152	-0.050420282833995134	0.004835753174824358	
0.08016142096797742	-0.07248621400832177	0.10177290647382427	-0.03195930493616939	-0.0012382191468316957	
0.07231384872971512	-0.06431114044869708	0.03911967575978892	0.01662410698049292	0.09488532099279276	
-0.02574979495988037	-0.0929295393531416	0.06770109248117306	0.07652199870663944	0.09979994943194544	
0.09768301713517238	-0.10020889612756234	-0.04196122415325994	0.034991741648402006	0.09971607863654638	
0.09585390787926641	0.009443585173676354	0.08826210607659393	0.03416549548204613	-0.016788251969824225	
-0.0028018665806180537	0.020862096583994655	0.009909584301712515	0.08523628534129074	0.08374668712672123	
0.013547768487945741	0.08377223116355839	-0.02350535821655451	-0.03846186508404184	-0.03633455384239363	
0.0308390489249119	-0.10359593371096566	0.11744897391174439	0.09500498595913069	-0.07148857444193708	
-0.06476074888498895	-0.0335872851266326	-0.07380063103781663	0.06189813842531641	-0.031052669463341315	
0.08802149646667343	0.016402835989416012	0.07576639688236883	0.06894688907844437	0.08107846374172986	
-0.00802394683663861	0.009269363204074649	0.05972071823040789	-0.042856229653170486	-0.0019492954760144537	
0.03489907647979761	-0.10103102600038852	0.033010743860216636	0.002092460092500142	0.07423670594083338	
-0.03695103938092541	0.07857774170503026	0.015571443056907094	-0.06319795967450699	0.05758584676510087	
0.0191389622180819	-0.08866562284193326	-0.0189089345797292	0.032114886550824895	0.07976372856975024	
-0.10153907421010128	0.09546760171533714	-0.02499321440313047	0.09259982458595115	0.018936034464778533	
0.07690677309103029	0.011899927201309777	0.036505491184434406	-0.03155603581441166	0.026836777158110673	
0.050004352740532	0.07166276728580848	0.05101643769353603	0.03961144968946059	0.07289588601091998	
-0.07793680167926467	0.04498724993783205	-0.05102935363216765	-0.06550514678768048	-0.054713671203431825	
-0.01590579908462314	-0.03749837023929086	0.028046687797765226	-0.010114202202236291	0.09802871921286069	
-0.0006183828313097269	-0.05032902062232595	-0.051253475380403535	-0.0668656361608177	0.026601150909780803	
0.03794603333000277	0.09118456235921553	-0.004472340916779377	-0.08560455147399816	-0.08228531425551222	
0.07097958853948047	0.0055429292617493325	0.06043221680091962	0.014497703438321269	0.04662850505750221	
0.024256797947249803	0.04867621611451764	0.03357393501635322	0.013361523592586117	-0.013948651616217899	
-0.09575251347259481	-0.02195129714596147	-0.09285425202661428	0.0869427649509683	-0.07160320042258841	
0.040834413306678446	0.08097954853248936	0.015651768796559985	-0.009720514298650831	-0.08696747018645266	
-0.006623995447338743	-0.03096558976895701	-0.05499200843718308	0.018502373753159357	-0.03754603245961661	
0.10371558314810878	0.07642653900445143	-0.02877400436815068	-0.0576021919770042	-0.043893886803051695	
-0.012635081292383188	0.04848575340246368	-0.07039842289075776	-0.0630839128042678	0.05908661818307455	
-0.01683025634649453	0.023337013431047243	-0.05326677215214999	-0.07960654811484053	0.00317140339370596	
0.017293530721624227	-0.0755467143016877	0.04542725479009225	0.03119342710861017	0.04926649704891948	
-0.0814778397283313	0.05289839195833626	-0.06535815800733079	-0.00662984377195854	0.04792547685687233	
-0.09553391440163878	-0.03512750805476271	0.07458447528002221	0.06894192152041392	0.007688118518908743	
0.07332165483330261	0.08996119827072532	0.06528139952586828	0.07082308876730775	-0.08025131963593034	
0.09707926980669906	0.02230626369844059	0.08619892980996158	0.12821155305789925	-0.03552105727427843	
0.07970006759244255	0.0403102766147704	-0.014078735042406762	-0.022503756237714376	0.05547231426678032	
-0.058763334789604896	0.06679732747660533	-0.03920739413219814	0.029673979239432186	0.07224497330044582	
-0.03995033209321999	-0.07139883434838012	0.08026168726985478	0.00831187577747465	0.09494807417101644	
0.02732088000037944	0.09878260492209578	0.00921416082859032	0.005285186781104262	-0.07291441938556603	
-0.06383321730743753	-0.0853826873353641	-0.10173862669547089	0.013420198559823888	-0.12412358664772871	
-0.02669138055125113	0.07246925056760883	0.03853554350147087	0.03818842841323372	-0.062272639808937824	
-0.009727826911587049	0.01582698128467694	0.09979956892573365	-0.05733098403697678	-0.048769211628685194	
-0.06668085653754695	0.05515977875067273	-0.026272653496172048	-0.1078542151060641	-0.014996109261951638	
-0.05760796707126481	0.05972084895204205	-0.040533723698545555	-0.09447879760909927	0.018686489892924207	
0.04805398714582942	-0.018610419199744252	0.02939854020900242	-0.01814287546374875	-0.009794042723058383	
0.07013406261274574	0.06652048981380063	-0.1132999511675781	0.01891018620918458	-0.026159160141760597	
0.04471995834708804	-0.04411846051657078	-0.08832913139970901	-0.12829347448198025	-0.05321141593328547	
-0.13501403864191322	0.041654189865484914	0.004895889032960409	-0.018227365197552695	0.0029902911077080135	
0.009658558572555579	0.05777728601085418	0.025246953007973957	0.10702451768276576	0.060044908575386226	
-0.07131539026595102	-0.08432262002901042	-0.09633347141739855	-0.08665500047212871	-0.008283237258313633	
-0.07733161544648191	-0.09444333023026602	0.05097229627809349	-0.021029903907872113	0.049387699121505035	
0.03767114759774835	-0.022969196143000515	0.041131000351224606	0.043091452422626596	0.10159763320621723	
0.0009329764259858006	0.07543666608286462	-0.07278545353378271	0.07499441641827369	-0.05735815697932651	
0.028253919521838044	-0.09920005501133523	0.012045262567357402	-0.09475576537018339	0.09407389090218721	
0.10294574005222333	0.05311234526813352	0.10412087242496669	-0.048496950422498054	-0.0500149583711228	
-0.09531758346438732	0.033238103830599414	0.04785561229966597	0.062297208191174236	0.013733408532753566	
0.04412326960727539	0.08243745688047384	-0.02190292071880019	-0.05231604497842183	-0.06715946532312275	
-0.0761085899332542	0.06252211760656576	-0.07064152531655138	-0.04714050345461987	0.06381783572670616	
-0.04776309681226123	0.09913888288928989	-0.05592707709614388	-0.003320474382909077	-0.04539917713933948	
0.09455480589028387	-0.030142316128434387	-0.0013150764172793184	0.015280737035116477	0.09833092625037822	
-0.12998875986394182	0.053332734418589704	0.04161011360845769	-0.13007743941220853	-0.02851636043143034	
-0.03465479460395621	0.07177636576976393	0.011859368966276181	0.038193010589096965	-0.009296771469370335	
0.08520738254064543	-0.05636831826768152	-0.0330119962000549	0.0750716656397619	0.020946761871739803	
-0.04332046707992912	0.09551097654578221	-0.058839644040826485	-0.09653972223905347	-0.06536367006742776	
0.11990349190964988	0.07820132309926875	0.10051784911134004	0.11817930418076807	-0.025804333046746127	
-0.10791646104918355	-0.04791026614895744	-0.06039672074476728	-0.09179265719021529	-0.0008800143948929457	
-0.01728271699976773	0.06327030236544282	-0.06297392034619387	0.0403753059512621	-0.05192887503017223	
0.012206895770923695	-0.029483680950863938	-0.09101693134616973	-0.05697178522873093	0.030673811411348333	
-0.0168836255917125	0.00818707356285979	-0.08008208507245666	-0.00227470887951538	0.08504566199540395	
0.0633670217583244	0.018874524766195555	0.09519781366618099	0.08031251693386426	0.019121586720529105	
-0.12120939233106703	-0.07352883090818915	-0.11420147980935297	-0.03878550215770695	-0.04966888420282128	
0.1003149948778122	-0.06817161194467745	0.09920054577188973	0.05817887796990604	0.06990103837058789	
0.01613621560233621	0.03633938257263389	-0.014391519263076623	-0.10787293726055065	-0.03853251167908647	
-0.001585639701288305	0.046018242218020866	-0.006274331450778159	-0.00851901678211367	-0.07246745181087938	
-0.0707195821104839	0.04407284487370303	-0.010395348123914674	0.12413990550926284	-0.03355823615394892	
-0.0223178001957889	0.001840071379906645	0.061108593745862194	0.0029638346026505903	-0.06672874481855547	
-0.06846922992854464	0.0091133736211199	0.004598521228480923	0.022384554327720355	-0.10074432476172177	
-0.07164259413165291	-0.002519966692460225	0.08411563492296363	-0.07391901130225395	0.05484354804349475	
0.032264001828697694	-0.008721857682237053	0.07814396293044969	0.023594412173291453	-0.10321758603391915	
0.030737333048719614	0.06251703690181042	0.09835985309171535	0.06456046621478945	0.06376125685016026	
0.015699915957840108	-0.045176044966629574	0.01210599810721176	0.03434595696348405	-0.029514073956718234	
0.04981370119908013	-0.05547844352919622	0.029116759839076675	-0.06274291177068152	0.036626951116389125	
-0.014452534132784758	0.061539681822441905	-0.02929302746640193	-0.057261352474083774	0.053456901684353325	
-0.053906608900843984	0.05058658981602582	0.03193783006993533	-0.07023267959785547	-0.07285589030060487	
-0.015026491786870912	-0.08268132737866415	0.02719091465917501	-0.04760942926179929	-0.0314805656619261	
0.03125270339238511	0.060854782459510794	-0.08740157404960738	-0.05743810632724461	-0.06161425797416035	
0.06817930372978673	0.04613977162366727	-0.003530908175673378	-0.05394435843986044	0.05386871403176794	
-0.01167605855572352	0.08352622405295125	0.041952800608908755	-0.003037302632477515	-0.07425408828073833	
0.10197347484841733	-0.06991089133667218	-0.053181318676667144	-0.0069255653930696045	-0.013358974980381166	
-0.12858106656491788	0.06154909707854784	-0.11860922836686581	-0.02972301929044422	-0.0012248762211345297	
-0.05785352158333586	0.020190849621527993	0.04978567504916728	0.027643742124066673	0.019425460589329813	
-0.04090354286890059	0.04632129424830175	0.08906168799998995	-0.014887721947690613	0.05643636336628108	
-0.07369477711699508	0.06291663938743752	-0.04723553441468128	-0.00562343592739688	-0.027219190651063624	
-0.08397927123879015	0.08092620058724859	-0.02596916448925235	0.006139487695227902	-0.0011767468207349863	
-0.05209545003787102	-0.06469699772184527	-0.06317233316142887	0.023374166026325558	-0.029723609499846614	
-0.052070912703670556	-0.07195615072014316	0.033377818767089874	-0.1042035457673928	0.0755873031344919	
-0.06257317138093467	0.013888047367196888	-0.08916287150877873	0.059427454706437774	-0.06033345404008188	
0.005580795681625325	0.04801550863181431	-0.07001370301654881	0.010217434837394346	-0.05667655833424412	
0.04741813189842586	0.045747449560011505	-0.0685955352825324	0.06787290373309096	-0.09976523205685846	
0.02253909288885033	0.02495598673346751	-0.06607729248833474	0.002521291507093289	0.0014295329602350027	
0.09732007217302249	-0.044317438754888694	-0.09933584517702303	0.08660483066064721	0.07152266646355007	
0.10229010989273113	-0.010445904158166475	0.10311636010996253	0.11378341551006776	0.03119032744287316	
0.06194766939706045	0.04791910049873719	0.030174075839902868	-0.011588214580657128	0.04590823656129198	
-0.13394527892354768	0.06410103368355295	0.045670873336837926	-0.08804889287050646	-0.10600377189704874	
0.01166576395423423	-0.05823863030727478	0.1416940929184978	0.07792162967682861	0.015605322965426958	
-0.028798981153249702	-0.05405817784221087	0.06478323748062442	0.009339804665274102	0.02929761078665987	
-0.011176578596677117	0.06562707214630242	-0.014730369152753872	-0.030860235764899532	0.034994320961821035	
-0.03557026644206209	-0.01216337481963529	-0.01759157539518924	0.04618150138392809	0.09262436566339226	
-0.029577673263003618	0.062016779849458796	-0.02627457887100052	0.012005763555143217	-0.09033116237849914	
-0.013403698606470366	0.08186239773098733	0.021095800206186927	0.053354917447420436	0.0009401216191788631	
0.03810249904533901	0.05791286806977049	-0.04975658408915663	0.05410787143292435	0.12104882129547036	
-0.03260655148370757	-0.051149836402171224	0.03299420123868514	-0.08520705564453171	0.007218597414575118	
0.018200752510708747	0.0871855739996722	0.03348554831988053	0.07657205630357328	-0.09000452692976729	
0.11832248368776624	-0.0899576519193827	-0.015771760401635984	0.10945002696554304	-0.08069861273262524	
0.04227375002042559	0.07809828863661589	-0.034056388535707326	-0.07157227349535426	0.04101600398471515	
-0.06270749047629802	-0.057934803245503874	0.029337473437706176	0.019675746002677273	-0.051693046542942496	
0.09293135024625586	-0.022406152337126617	0.05738087985669935	0.0016845206795745317	0.019385182421402726	
-0.04022432612154682	0.08691674170186242	-0.020090853909139884	-0.05691668543089718	-0.052697892299419825	
-0.12958320150955802	0.05180749380303223	-0.016801148534447214	0.025059485516869127	-0.02673453820128664	
0.009041444990680374	0.052252000097436975	0.008818843344976224	-0.06771214011496234	-0.012294600168564472	
-0.06404114046140513	-0.035636007322419214	-0.0654790759760415	-0.01827255499734752	-0.05171625040688024	
-0.03235797442562306	0.09876672226526631	-0.04864781380727455	0.08244912609580397	0.015704287865059893	
-0.024981796321217803	0.07149689981671933	0.02391734787371476	-0.04959338397383213	0.05857113559537752	
-0.023799246006430637	-0.025904938002624226	-0.04371259866229914	0.02897356647746271	-0.05540370400620615	
0.11672053208312948	-0.054447983779369734	0.06846969432503232	0.0534282696846779	0.12477195913916828	
0.05592448527947245	-0.05739480001237538	-0.002694872704642621	0.056673745166352915	-0.02993601264757586	
0.11810245953914873	-0.053386131964455526	0.05418351626721588	0.070316831737082	-0.025451152530182285	
-0.08355083233352151	-0.02045820714271093	0.10065073430026117	-0.017552816628118844	0.06757146840728007	
-0.06505273743451852	-0.031609432739509516	-0.07108045583238065	0.043354162829275206	0.03986152473936283	
0.05127725123125242	-0.05309131049091895	0.05131888012260795	-0.04079251023708814	-0.0034779429188355904	
-0.024142440968046432	-0.0294073586343835	-0.0870717147602654	0.027807751917426217	0.04276058497942552	
0.03648435487382969	0.025773435703980573	-0.05318038446272065	-0.05620874362740435	0.014584494060490739	
0.07228691209167884	-0.06245896632556225	-0.009994799198254772	-0.017073309365792558	-0.0028458157246211506	
-0.06769784590279762	-0.031511871773037894	-0.04762391917929596	0.0689053886458958	0.06006644915528034	
-0.025059116099634522	0.023995920689095267	-0.08067486391407128	-0.008577549801653421	-0.04974431163007055	
-0.0016349362322974988	0.05347930880513953	-0.0452802050684621	-0.1464256903463303	-0.07041315279862212	
0.11082971714700095	0.08590986181951746	0.04183761044802375	-0.055918372953820565	0.03939978933133043	
-0.005364434447541286	-0.0014103524707527657	-0.03167286737593415	0.0010283787608507847	0.054253993075488845	
-0.0026655254491714853	0.02940915956356713	0.03573776133652738	-0.13886048003570134	0.05291054463602835	
-0.07785647333599227	-0.06336012791223639	-0.004666236129856307	-0.0668932818397843	0.03452958562700842	
-0.09040148719022655	-0.043075223798611575	-0.08779266377606579	0.04070386622101624	0.03369123351789641	
-0.040048286313237355	-0.0580752917510647	0.03462810078372837	-0.04787649733634915	0.04574939851523038	
0.02403044380517244	-0.0022355016580755563	-0.06894556010355601	0.055880034104757684	-0.00746431772303674	
0.08201061297802313	-0.048019204800123366	0.1134920705206334	0.1309049848038504	0.2187285759948888	
-0.10583151900288056	0.07627270942648717	-0.06600724706070552	-0.004137577695092863	-0.09731455028500452	
-0.061317257201342686	0.08421467221534447	-0.0947745432317646	0.08001564487402174	0.00521462283454546	
-0.46187021591196437	0.29625300317255177	-0.3975833367290896	-0.5145784231292256	-0.2965237276753693	
-0.04949566172007367	
