            A        R        N        D        C        Q        E        G        H        I        L        K        M        F        P        S        T        W        Y        V
 1 A   0.0357   0.0454    0.031  -0.0963  -0.0639  -0.0004   0.0396   0.0242  -0.0362    0.007  -0.0146   0.0335  -0.0535    0.048  -0.2336   0.0777  -0.0126   0.0206  -0.1064  -0.0546
 2 A   0.0544   0.0144  -0.0338    0.012   0.0115   0.0106    0.287   0.0096  -0.0597   0.0063   0.0209   0.0109   0.0084   0.0126    0.008   0.0075  -0.0468   0.0098   0.0023   0.0106
 3 A   0.1451   0.0449    0.005  -0.0654  -0.0718  -0.0094   0.0739  -0.0016  -0.0384   0.0215   0.0334   -0.022  -0.0522   0.0332  -0.0015  -0.0533   0.0097  -0.0639  -0.0044  -0.0456
 4 A   0.0122  -0.0156   0.0621   0.0431  -0.0814  -0.0593  -0.0136   0.0118   0.0805   0.0404   0.0322  -0.0452  -0.0653   0.0116   0.1537  -0.0606   0.0553   0.0803   0.0454   -0.076
 5 A   0.0961   0.0475  -0.0165   0.0432  -0.0416    0.069  -0.0457   0.0637   0.0513   0.0526   0.0277  -0.0397  -0.0091   0.0794   0.0824  -0.0291   0.0064   0.0315    -0.09   0.0247
 6 A  -0.0047   0.0049   0.0165   0.0357   0.0891   0.0694  -0.0289   0.0345   0.0344   0.0562  -0.0458  -0.1277    0.039   0.0398   0.0617   0.0462    0.116   0.0766   0.0092  -0.0733
 7 A  -0.0869  -0.1161   0.0196   0.0216   0.1103    0.007   0.0096   0.0976   -0.068   0.0419   0.0666   0.0052    0.011  -0.0816   0.0777  -0.0435  -0.0611   0.0531  -0.0289    0.044
 8 A  -0.0225  -0.0658  -0.0825   0.0967  -0.0824   0.0184   -0.016  -0.0007  -0.0096  -0.0545    0.084  -0.1263  -0.0535    0.021  -0.0322   0.0441  -0.0551   0.0147   0.0509   0.0693
 9 A   0.0135    -0.13  -0.0113  -0.1747  -0.1691   0.0568  -0.1809   0.0292     0.03   0.1232    0.038   0.0884   0.2104   0.0647  -0.1782   0.1936   0.0306   0.0041   0.0654  -0.1097
