            A        R        N        D        C        Q        E        G        H        I        L        K        M        F        P        S        T        W        Y        V
 1 A  -0.0224   0.0372  -0.0213   -0.032  -0.0039   0.0119  -0.0189  -0.0141  -0.0237   0.0176   -0.026  -0.0115   0.0002  -0.0156   -0.046   0.0071  -0.0191   0.0718  -0.0335  -0.0372
 2 A   0.0083  -0.0179   0.0125    0.145    0.045   0.0686   0.1891   0.0159   0.0081  -0.0146  -0.0289   0.0327  -0.0087   0.0097   0.0024  -0.0081  -0.0086   0.0423  -0.0169   0.0107
 3 A   0.0151  -0.0331    -0.05   0.0295   0.0777     0.01    0.021   0.0036   0.0104    0.001  -0.0105  -0.0072  -0.0169   0.0353  -0.0079   0.0048    0.008  -0.0252  -0.0016   0.0031
 4 A   0.0607   0.0241   0.0149   0.0254   0.0491   0.0335   0.0392   0.0117  -0.0059  -0.0374  -0.0142  -0.0159   0.0237   0.0448   0.0214   0.0048  -0.0042   0.0135   0.0405   0.0117
 5 A  -0.0018  -0.0092   0.0182   0.0419   0.0134   0.0652   0.0469   0.0489   0.0401   0.0453   0.0253   0.0115   0.0383   0.0189   0.0258   0.0439   0.0172  -0.0382   0.0512   0.0309
 6 A   0.0341   0.0099   0.0153   0.0386   0.0189   0.0438    0.019   0.0259   0.0503    0.018   0.0274   0.0439   0.0288    0.027   0.0307   0.0344   0.0231   0.0728   0.0164   0.0006
 7 A  -0.0119  -0.0063   0.0242   0.0016   0.0376   0.0186  -0.0012   -0.011   0.0555   0.0134   0.0176  -0.0142   0.0046   0.0085   0.0077   0.0005  -0.0299   0.0582   0.0239   0.0116
 8 A   0.0089   0.0062  -0.0026  -0.0106   0.0167  -0.0176  -0.0091  -0.0118   0.0144   0.0102   0.0083   0.0079  -0.0657  -0.0142  -0.0082  -0.0029   0.0124  -0.0028  -0.0133   0.0014
 9 A    0.038  -0.0035  -0.0017  -0.0933  -0.0008  -0.0106   0.0064    0.004   -0.029   0.0031   0.0613   0.0149   0.0221   0.0357   0.0396   0.0215   0.0007  -0.0051  -0.0044   0.0253
