            A        R        N        D        C        Q        E        G        H        I        L        K        M        F        P        S        T        W        Y        V
 1 A   0.0305   0.0265  -0.0422  -0.2396   0.0026   0.0014  -0.2502  -0.0587  -0.0319   0.0307   0.0246   0.0501   0.0463   0.1905  -0.2227  -0.0199  -0.0598   0.0348   0.0849  -0.0267
 2 A   0.1089  -0.2363  -0.2073  -0.2254  -0.4812   0.2065  -0.0751   0.0826  -0.0597   0.1181   0.2099  -0.0143   0.1352    0.188  -0.1469     0.04   0.0783   0.0507   0.3148   0.1501
 3 A  -0.0074  -0.0884  -0.0115   0.0194  -0.0244  -0.0014  -0.1402  -0.1377   -0.174   0.1355   0.0499  -0.1277   0.1297   0.0089  -0.0119   0.0086   -0.011   0.0655   0.0188    0.117
 4 A   0.0446   0.0113   0.0244   0.0755   0.0003  -0.0585    0.016   0.0046  -0.0562  -0.0751  -0.0651   0.0146   0.0739  -0.0012   0.1166   0.0139  -0.0426   0.0049  -0.0147   0.0045
 5 A     0.04  -0.0006   0.0118     0.03   0.0129   -0.051   -0.028  -0.0059   0.0186   0.0537  -0.0212  -0.0075   0.0582   0.0011  -0.0957   0.0062  -0.0143   0.1036   0.0673   0.1049
 6 A   0.0101   -0.045   0.0068  -0.0434   -0.022  -0.0332  -0.0675  -0.0944  -0.0285   0.1031    0.179  -0.0765   0.1486   0.1721  -0.0818   0.0722   0.0447   0.0596   0.0017   0.0236
 7 A   -0.033   -0.062  -0.0549  -0.0509  -0.0648   0.0117  -0.0004  -0.0519  -0.0079  -0.0005     0.02  -0.1537   0.0236   0.1567   0.0418  -0.0397   0.0982   0.1007  -0.0184    0.045
 8 A   0.0332  -0.0784  -0.0441  -0.1481  -0.0565  -0.0527   0.0271   0.0037   0.0082  -0.0676  -0.0092  -0.0612  -0.0829   0.0343   0.0872   0.0475   0.0214   0.0196   0.0521  -0.0555
 9 A   0.1777  -0.1428   0.0217   0.0595  -0.2733  -0.0871  -0.0778  -0.0025   0.0192   0.2266   0.1496   -0.159   0.0119  -0.2033   0.0092  -0.0335   0.0106  -0.0074  -0.1418   0.3169
