TESTRUNID EPOCH: 99 L_PCC: 0.7405982647946151 L_ERR: 0.003260101634449489 T_PCC: 0.5706356745618499 T_ERR: 0.005237335869723875
180 LAYER: 1
5 LAYER: 2
1 LAYER: 3
99 :ILEARN
0.009750853046467708	0.04285027967091439	-0.05352637845073525	-0.0007764024697757986	-0.0305872384024578	
-0.18542558516986501	-0.15200182069079393	-0.14163266895405183	-0.14597201579710523	-0.11588507009117706	
0.023763076422816984	0.06285951396563194	-0.017593762441008905	0.12058145375325463	-0.049715763147655766	
0.09272378180493161	0.02095057760106226	0.07296214356740402	-0.004872635392604377	0.006639513993068468	
0.07020252816689915	0.10040001026344626	-0.026729942481915337	0.049576436646418864	0.08664609493489449	
0.0916832422081276	-0.07454708012709357	-0.07831044802295534	-0.051281050559839496	0.09035117568599385	
-0.13335239993333745	-0.05828146799687915	0.034639054260867705	-0.04734548993045219	-0.01939549323944721	
-0.08270094647889376	-0.010937744798221915	0.009303031263163246	-0.15374840694938416	-0.011445690589519381	
0.11824431309162196	0.062281093621061254	-0.021135978937735396	0.07986013696448721	-0.05642378002827253	
0.029269180096667596	0.10644690155409359	-7.049605944999733e-05	0.0009306336549279955	-0.024076507271114714	
-0.04057357845088487	0.072613760195459	0.0012327250248593692	0.01520620432953798	0.06148314446970631	
-0.048469721801152714	0.03782041943651159	-0.024747377459548952	0.062082925921433114	0.08572977318414408	
-0.09020478522222954	-0.025196226075593766	0.028087815787635445	-0.029328159126900715	-0.1024195542950139	
-0.034060947083511775	0.006447822092818461	-0.03775161560172478	0.04313144741922663	-0.025308928999685967	
0.10224442543962381	-0.05898738155398055	-0.050729121551238016	0.08489540529408521	0.0037109830302830887	
-0.14716945979007925	0.02404222458106608	-0.11251099348570799	-0.03985528297449428	-0.05065481782118813	
0.08658087225171518	0.023751872172039872	0.06469824815257465	-0.016532469772785986	-0.03322308505782325	
-0.038870113683930924	-0.10103741085615425	-0.029888284507873744	-0.08507509898925363	-0.10276875210094505	
-0.034653210138003855	0.11754380458674889	0.035017815846880816	0.06495402149805182	0.03250913112269733	
0.04322654293322292	0.14447606835642832	0.1172934052568239	0.011720265904570214	0.13474565402203081	
-0.034457603243104526	0.005387431731220179	0.07954230190824335	-0.030355899708030026	0.08201431149985142	
0.09319631845857657	-0.05223101768060169	0.15815078210844474	0.11568939441851281	0.17885271753847362	
-0.04467778604466202	-0.05882183025579086	0.10854465173574222	0.06255120670354247	-0.06306665424449032	
0.02516694015884179	0.03376421619000949	0.05828047519008892	0.012646171364546927	-0.10246842809502475	
-0.13453898542661044	-0.11825216840574818	-0.1327431521758731	-0.09252164457062688	0.02918659843286009	
-0.09948505835454492	-0.06247314189108814	-0.045518905317962245	-0.20149630912771138	-0.1672735180336385	
-0.8471612733725883	-0.5671525985821827	-0.8835925110588991	-1.0486195899230337	-0.9253357822549793	
-0.023955886837017937	0.08109410326169111	0.008555551550752008	0.10755158058109317	0.08395169772370302	
0.049990316338968735	-0.0487221311118077	-0.0483582434740304	-0.030787767397593046	-0.04591656387091749	
0.017545247095133245	0.0073377863489105044	0.14351375137882377	0.12260607988601617	0.012212792239968755	
0.09382660629049845	0.21041614688549756	0.2035661685331592	0.14193885718449795	0.1551176546002847	
0.055103997470806194	-0.05644045151967834	0.023316156725753146	0.10042701519627939	0.07644577164315071	
0.037421601384929795	0.05695202530854048	0.1189476513675391	0.16793244774680516	0.037087957167629984	
-0.06933458608233006	-0.06959708907983593	0.02504441936711716	0.05248243534924587	0.04446201296649675	
0.11233967046969143	0.19399542510030512	0.17331192559497022	0.14512182969062004	0.18300305956575344	
0.13708110200153267	0.09188584280906205	0.04656016785123249	0.012950298418329096	0.07731104087365646	
0.16087687078315685	0.030985589314123138	0.19187246489970597	0.06370672575423782	0.10444704250417579	
0.06685595255411371	-0.05711908250080437	0.03441325386735343	0.011533558111478302	0.0916366987764817	
0.02758525247011381	-0.03753115563674708	0.1262423668121491	0.13920502259403708	0.16729764009153092	
0.1348247479883523	-0.06349194566980901	-0.0003877113079401043	0.07593275711604178	0.1446844272762674	
0.06756259450606014	-0.004834479719099275	0.06084910207736499	0.0016967976213021695	-0.04158130035190715	
0.07516391417671554	0.07197915781995771	0.0918752063995998	0.17275638530407933	0.17178905030578026	
0.1454896082133239	0.20227273777222657	0.11339676381226518	0.11457722105655074	0.11621887229466944	
0.03616733370939361	-0.07762743539046849	0.12793854780313885	0.09787068301366475	-0.05751670741716491	
-0.09285211944338612	-0.052575142090645136	-0.10358296551276147	0.03179350770959544	-0.05991786264568204	
0.10507355307197291	0.027970573985049405	0.09377655608742244	0.08883072483885796	0.10072972333001784	
-0.07328435359259294	-0.037071469408251546	-0.00831570049094714	-0.11605945998337559	-0.07099699864391837	
0.004890674857586626	-0.1096504951207543	0.007495064168252895	-0.03252213598798989	0.050853004743068655	
-0.05950244896456397	0.05925112845060421	-0.005163683631253196	-0.08340159216408138	0.0284650435411297	
-0.10875970278012195	-0.1879704672789603	-0.14108187850462975	-0.10583962728464277	-0.06836017378898261	
-0.06989752445296561	0.11423644858638261	0.008472543750993827	0.13010490146150896	0.05771445735083817	
0.14268859998900402	0.06483296451688551	0.10686942923077557	0.04674314657806782	0.10589487816444101	
-0.00592813977300195	0.02273808380067874	-0.006976508614475676	-0.01725821920896328	0.008875747067398044	
-0.25120873644798786	-0.14506487910772675	-0.23902937503820998	-0.2518081514916999	-0.25724521530552524	
0.05966574305418557	0.01572334258701436	0.1078748767152802	0.07563868569153656	0.18610831214567922	
0.04608746153861152	-0.05326872979533976	-0.00431150065207838	-0.01966907298017562	0.07052309339276612	
0.10124640844487175	0.09574636588345115	0.05723269870017115	-0.0188549017027508	-0.01996063307507314	
0.09202209359889849	0.019151165705938188	0.08276550233551774	0.03772668587059508	0.07082232392656962	
0.05159487878546606	0.07846098083743831	0.06771418621355503	0.049802155197326954	0.023204907475860504	
-0.09662167417626781	-0.03916565572019222	-0.10164947362701446	0.07373099069992774	-0.0853265585172956	
0.009023938267251345	0.0368422661985527	-0.019712671137668957	-0.048795432401888786	-0.12392090664663398	
0.009153270385635985	-0.026053998484503398	-0.035217773567991766	0.04207536609762815	-0.019972547989118985	
0.0812513583683035	0.08209592729268654	-0.0491394291190507	-0.07857263120755431	-0.06272991551249753	
-0.07516066100611582	-0.01842936774222992	-0.12961322728373967	-0.12536072198122475	-0.012349995589680973	
-0.00043241385763268653	0.034408006298666374	-0.035852922072694776	-0.0614567745882108	0.02194161612396628	
-0.016507366089231514	-0.07775216600616526	0.011098479300136419	-0.005304371751504036	0.01923011315584348	
-0.03846163277226466	0.07113268201148278	-0.017317791126479343	0.03779256776959499	0.09533005462423547	
-0.08819514897735489	-0.038782861520267824	0.07463594700543029	0.06493355674683117	0.005968641207168277	
0.048393913084052026	0.07336181269286855	0.039630107020923275	0.04301617306594807	-0.10486413911133324	
0.13323307919439117	0.10710522351273881	0.12869260333138463	0.17597618171149124	0.022493800372732863	
0.08687779580959795	0.051583305995160665	-0.00648157029564117	-0.0047347333321879365	0.06469541531309347	
0.031262151777108955	0.0999660870969799	0.05557252941974048	0.1277945120706674	0.17063276170580732	
-0.05554945696606495	-0.08260791306554766	0.06381924902014603	-0.010683556505901286	0.07664003820005301	
0.05611121119736362	0.11760200866146668	0.03944837364632088	0.037264186003607765	-0.04019141897253043	
-0.07437425785402248	-0.14410115453769834	-0.11328720645840373	-0.0019068589657831	-0.1425549656008945	
0.027005125884804155	0.10716192412439901	0.0945572067182343	0.09992057549710674	-0.0016732044916708767	
0.027348804677201386	0.039387411762240886	0.1433323982398351	-0.013421664496956998	0.0010320490269170436	
-0.09673152282419219	0.007517945959133182	-0.055386429063101164	-0.14198177234732748	-0.05787315484663289	
-0.08064975333232545	0.03584154213701745	-0.06879963404989235	-0.12293948525872832	-0.010326768218638496	
-0.0011405197182457149	-0.07580501422328309	-0.022543192907492553	-0.06446877866411742	-0.06594764120695236	
0.11807506833788864	0.07663530932491015	-0.06432918274134046	0.07010941694383924	0.021407901521509926	
0.10980899761694587	-0.0491101679576973	-0.022756344101005684	-0.05553447892050324	0.004964543055355567	
-0.15000882799488754	-0.03524926688372008	-0.013573063875053972	-0.025769184379241927	-0.01922995210643159	
-0.12288121498522901	-0.00313943203113669	-0.10308941298346301	-0.037490707701027005	-0.07761136690048388	
-0.050258078066703696	-0.07051042656272484	-0.07415854086346274	-0.06285809536536625	0.015832130886882952	
-0.12190311442279111	-0.13334944433823023	0.001716796270653681	-0.06652215766009095	-0.0015763884874009202	
-0.021539714728723246	-0.023504367343381172	-0.012968547765591105	-0.012345610714636029	0.046517598870318075	
-0.03585447760844648	0.06203839530237873	-0.10250744319486135	0.032796834839731	-0.08670925110675247	
0.005736669209046872	-0.10941467542697415	-0.01035463131371406	-0.11716755666591024	0.06961853751640261	
-0.011716959800378382	-0.005020492576790486	-0.014480110678405605	-0.17388051975483562	-0.16672255089403706	
-0.21739933820699364	-0.10710684765969693	-0.10057716626435263	-0.0925732267070887	-0.14556024738517273	
0.133591480452274	0.13833797137720602	0.0725718376996951	0.04769794248217276	0.03435008922216668	
-0.07186417979762165	0.06695583762425299	-0.06345169120935139	-0.0431219211621342	0.06948260806905587	
-0.03351617501616246	0.09191133906409808	-0.03699648238366156	0.010219847696502488	-0.03260192163929166	
0.14208374399804505	0.009492999179877844	0.05132264675667579	0.0746656570981343	0.1540854874925422	
-0.06059249717992988	0.06529008999908628	0.11308092711357144	-0.05901168628601604	0.0447654887287705	
-0.00667201865615685	0.08952254522766445	0.04089703015444317	0.06921848972914756	0.021449472135996055	
0.29100181749540827	0.13496190298366556	0.18252689648219902	0.3167894910995775	0.2658316058297632	
-0.018236838888542203	0.0702608430820868	-0.035243998987628415	-0.07159262286524054	-0.04975994793680857	
0.08093116638021416	0.08413617367646492	0.06794166882804861	0.07610788624568483	-0.056057546013207775	
-0.06981868424169677	-0.0473440941400773	-0.023592091086898186	-0.05125762469144822	0.0356155003175545	
-0.004510567042707965	0.060902551658514374	-0.05597971204240325	0.04973059356407957	-0.03902860477449614	
0.07189379733702932	0.005829686937079437	-0.030578810905435915	0.00825337124067348	0.0963774902386493	
-0.10424540551724984	-0.07967801157580562	-0.17387450744380353	-0.11312291777382096	-0.03248334439369286	
0.08460120517066404	0.028515384856197357	0.11622391794348648	0.10562102935423177	0.041428949315192386	
-0.07898521770319221	-0.07395053194889224	-0.07142882924498885	0.0038763028486350575	-0.012343349803209598	
0.07549269079054434	-0.08286055807015026	0.07123389367383744	0.028870434966518668	0.04561189775732611	
0.09609822508317059	0.07764706052958176	0.07276099786933475	-0.02033626040805693	0.052053701482861404	
-0.12978024393124069	-0.055101332256049095	-0.13091903147974326	-0.1510646295299253	-0.2151117438044992	
-0.12424896606018862	0.03020324584005547	-0.05952199754379825	0.07270875513172836	-0.07626946161629129	
0.022264190475185356	0.04097767986540642	0.1103549176822448	0.05468596869903392	-0.01259234058847824	
-0.05241164247215251	-0.017998446632008634	0.017157905389818096	0.04006566755307437	-0.08950553348620612	
-0.07013401899687079	0.019189014386994385	0.08731632735924814	-0.06896922867276974	0.06213863407168738	
-0.010216260898783356	-0.039530714275537254	0.036394289490777346	-0.024431969540098575	-0.1495702168599705	
-0.010828278675213372	0.06089734462126782	0.05614865624060871	0.02667570145081243	0.027053839159990288	
0.030792980581764735	-0.03514674900728826	0.030670973878703205	0.0521290806561187	-0.006815908711992225	
0.04256098034573668	-0.08863189165660043	0.026549186193792436	-0.05415761190333318	0.027762300205828403	
-0.05502152049034437	0.030381774774214162	-0.06967883162280053	-0.09929545227827188	0.004447565740027452	
-0.03026266579104483	0.050514181461740235	0.05664260205680093	-0.044532476039301015	-0.045412877671124785	
0.08738133639162825	0.017915142635811974	0.13387342460425247	0.07097304801620002	0.09261674253370551	
0.13092527226774356	0.12244792434765313	0.0175069885974165	0.05482287809949922	0.05038292135632984	
0.1173559610102407	0.06250973303379077	0.04643800122201246	0.002182093926101803	0.10535811842192218	
-0.11520440218888298	-0.0007162964859927863	-0.06466027414834731	-0.11982347441113246	-0.1832247265213583	
0.11737951128514229	-0.05455921217819921	-0.034774285115793	0.011646255044318977	0.006589397164235327	
-0.07795034812190657	0.04054124897947679	-0.07078883627813304	0.01928280906087896	0.041426339678470106	
-0.01565563686027718	0.04784835277033565	0.09652248249931457	0.07360971515209826	0.06685496150954506	
-0.029113427725270858	0.05395015506844611	0.10153667053279682	-0.0020063617593561256	0.06972128283647319	
-0.008035508486939845	0.1174461222591556	0.022890505494167844	0.07419928097959685	0.052870475141521565	
-0.16965954586945414	0.01342362369207915	-0.10856220588186422	-0.08398169315252044	-0.1000439165607072	
-0.12448780002141344	-0.10991690020051799	-0.1337110827130408	-0.045883920633384596	-0.10557746544280394	
-0.034597114696427754	-0.09401158544143326	0.04266174154948965	-0.09762448533001174	0.07663253231641937	
0.002562090496687867	0.06008194650833369	-0.020448742683507607	0.13582270881015726	0.016876718259032177	
0.04568427476918919	0.07387281732255493	-0.027467451024870186	0.054451174417770525	-0.011362362688075629	
0.026505587872516875	0.01936235467007538	-0.09066411836831116	0.04068747652382315	-0.12291227005653707	
0.0025511632594251714	-0.03867269756702685	-0.08841219260164863	-0.016960114480425066	-0.028220607226983687	
0.09845084602949097	-0.0432531203085319	-0.0936763685023993	0.08507392730842099	0.07566506734808343	
0.08302125726782376	0.027534356412406473	0.09112214176797012	0.10549361362276688	0.0301150081995968	
-0.05286623999738062	-0.029053005565573053	-0.08863833493257199	-0.1372757142208597	-0.08425055314587263	
-0.09451879313041098	0.056866287274353486	0.08339165105568866	-0.04815119096379686	-0.06940230173719282	
-0.018058549106749977	-0.024172487750234235	0.10998400195779788	0.04806915920985128	-0.003755810367301048	
-0.166617664157227	-0.10922071279269756	-0.07231476625346024	-0.13840483789077115	-0.11193085823766386	
-0.030699517786321212	0.04653964428901225	-0.0377911480880585	-0.050582546974016415	0.011481823434954535	
-0.06821377342073338	-0.020840974022409187	-0.04458049031829676	0.016592550683756233	0.06491309741838638	
-0.008131618048889162	0.0485890822100455	-0.005179208533785199	0.03606641949325817	-0.07303953662067854	
0.007047088671053521	0.09551078623024846	0.042656633221687806	0.0761611394952583	0.024230647563612734	
0.043812822727383405	0.09690014806806141	-0.04012953673117999	0.06506515573414223	0.138949702647995	
0.04629676521909247	-0.03211541268582022	0.11619646908674036	0.00011798859148033706	0.08991713802898205	
0.02481220529425413	0.09111613123384198	0.03616677761009768	0.08079340361482175	-0.08424575622974362	
0.03513586934493898	-0.12835195601607552	-0.09575501705469783	0.017965913623203645	-0.16312652651412626	
-0.013771332538425062	0.004878914029668458	-0.0962086079230745	-0.13523865088061524	-0.03070826108350406	
-0.08709548227493975	-0.14487980979041862	-0.0039041782428402977	-0.018278406983086963	-0.09348246715042738	
0.10008156417949825	0.0022343671117409977	0.06864181781876416	0.012491063602113104	0.034441452779992436	
-0.003793413134911217	0.13050194669749354	0.019564917049811382	-0.013383282787634563	-0.005098938821981789	
-0.04491451582145222	0.07799101907394373	0.06865472175510474	0.11835257632889408	0.061939608120763295	
0.041563649330398154	0.023735159355257444	0.04033844525491055	-0.024763878104363656	0.014784583431495902	
0.00994467599947002	0.011171309224496006	0.012504955589313412	0.06522757313582525	0.033504446448271566	
-0.12033631217650013	0.014347870733873393	-0.1397572163108489	-0.026379650156425915	-0.08931597655539228	
-0.06294598160567454	0.040366224914064275	-0.012124005079685045	-0.08627427864697028	0.014430574194292589	
0.018429197600816315	-0.008227288370749732	-0.0001095709542805206	0.07491632286017846	-0.008571662497649818	
0.21765419148651668	0.06408110725927368	0.1782015034558394	0.1752516959533569	0.24904462444889383	
0.09467946317948821	-0.0518736403402344	0.03904597035328981	0.09809724946924991	0.011784363566418557	
0.15265816015509323	0.000873165521111317	0.09436973412276584	0.11350886735351272	0.02391160164159439	
-0.09486045343679593	-0.015035510968165511	0.09029388466992339	-0.028602667643172538	0.058743428190785964	
-0.05611535615125922	-0.02538407548535813	-0.061807217302429926	0.05855432957954052	0.05298146304840274	
0.05928973092670464	-0.035482497087885215	0.061091717074302776	-0.030006400248423694	0.00919888099543013	
-0.002114383567126793	-0.01348753570407721	-0.06412633481283161	0.05278709352879577	0.06821271859724225	
0.04907267033635975	0.0468066454536962	-0.03849079915689812	-0.040601919465582496	0.03287203928308472	
0.08956345801292122	-0.05358851773815547	0.008029448210822342	0.0019832742276658538	0.016375760703177398	
-0.04849460832453153	-0.019809706719032587	-0.027102322460821275	0.09070024433288451	0.08261598943210517	
0.046136433543014915	0.06182040530990576	-0.006473197530054778	0.06930397240595963	0.028520864597076697	
-0.344526790652344	-0.2942157759971542	-0.40353890541523635	-0.5031042377524415	-0.45244890389241943	
0.22472116710178638	0.1759351316423451	0.1643678361855151	0.07131439916292871	0.17334149261978138	
-0.03778589692170061	-0.04703606556980454	-0.06282415974956472	-0.039853167458692156	0.010944386729373515	
-0.07352517151657434	-0.08529311184304614	-0.043641075526156814	-0.2250602565796236	-0.04983487431142047	
-0.08245864013176246	-0.055787617941098815	-0.006772799194993151	-0.06968535963096031	0.03318198784012822	
-0.10575861170005539	-0.057952834492127805	-0.10309148028491	0.019688398785101084	0.016035598498820202	
-0.005220446056641387	-0.04996556028873253	0.06942345425679726	-0.010466280542532591	0.08083930496106344	
0.0443921237362147	0.03354028953515436	-0.045854543194600625	0.08356088880129765	0.022286172324628175	
0.17067818871464882	0.139762042709328	0.2192361729381464	0.23891550668282235	0.3497220164840742	
-0.08719590384043234	-0.0004349711565310321	-0.05927028236707382	-0.0022276767856027626	-0.10770426380174497	
-0.029822726030049082	-0.001741683478485397	-0.047072326628559834	0.13356358877737928	0.04933426456038749	
-1.0670617527809494	-0.5894866306453415	-1.0820385286263687	-1.2806876164245093	-1.200312546932968	
0.4970722911937087	
