            A        R        N        D        C        Q        E        G        H        I        L        K        M        F        P        S        T        W        Y        V
 1 A  -0.0349   0.0472  -0.0912  -0.1155  -0.1019   0.0241  -0.0247   0.0047   0.0342   0.0657   0.0114  -0.0014   0.0496    0.031  -0.0903  -0.0321  -0.0474  -0.0143   0.0399   0.0718
 2 A   0.0613  -0.0415  -0.0647  -0.1317  -0.0717   0.2145    0.031    0.023  -0.0757   0.0067   0.1004  -0.0938   0.2226  -0.0302  -0.0486   0.0842   0.0431   0.2225  -0.0259   0.0663
 3 A   0.0214   0.0783  -0.0152   -0.097   0.0178   0.0161  -0.0563  -0.0339  -0.0267   0.0489  -0.0066   0.0362   0.0435   0.0234  -0.0288   0.0207  -0.0181    0.028   0.0346  -0.0138
 4 A   0.0295  -0.0278  -0.0053     0.03   0.0122   0.0221   0.0194   0.0224  -0.0266   0.0049   0.0257   0.0509   0.0371   0.0087   0.0162   0.0305   0.0134   0.0223    0.033    0.028
 5 A   0.0331   0.0308   0.0151   0.0435   0.0756   -0.049   0.0085   0.0454   0.0383   0.0276   0.0003    0.011   0.0052   0.0409   0.0055   0.0429   0.0767   0.0416   0.0394   0.0065
 6 A   0.0327   0.0301    0.044   0.0851   0.0199    0.017   0.0142   0.0347   0.0085   0.0869   0.0105   0.0061   0.0124   0.0301   0.0029   0.0951   0.0722  -0.0126  -0.0225   0.0169
 7 A   0.0405   0.0059   0.0084   -0.041  -0.0194   0.0255  -0.0248   0.0027   0.0015   0.0199   0.0596  -0.0026   0.0309  -0.0192   0.0227   0.0586   0.0048   -0.015   0.0425   0.0125
 8 A    0.029   0.0109  -0.0325   -0.046  -0.0356  -0.0196   -0.005  -0.0176  -0.0091  -0.0262  -0.0288  -0.0424    0.005  -0.0479   0.0285   0.0509    0.077   0.0006   0.0105    0.031
 9 A  -0.0023  -0.0349  -0.1145  -0.1286  -0.0652  -0.0171   0.0012  -0.0141   0.0604    0.015   0.0758  -0.0209   0.0517   0.1872  -0.0401   -0.068   -0.001   0.0164   0.2121   0.0162
