TESTRUNID EPOCH: 99 L_PCC: 0.6596687444402966 L_ERR: 0.0032675521959871522 T_PCC: 0.42424156496270676 T_ERR: 0.004207635959566152
180 LAYER: 1
5 LAYER: 2
1 LAYER: 3
99 :ILEARN
0.07984530796321396	0.11472708174707262	0.008434557058885392	0.06074428467097125	0.049949024602595885	
-0.07926563545138228	-0.06345404979478839	-0.026905048298271932	-0.019986475886848893	0.010474575643822565	
-0.07351524138860546	-0.006989107953193483	-0.12371874443855573	0.01686412431100394	-0.16278547926483886	
0.07090662676997483	0.010491415556056876	0.05314838953958243	-0.0337845788557883	-0.014553860993860288	
0.06443171869627148	0.09688082186204901	-0.03246383939755742	0.042834344700305935	0.08051090313356948	
0.04339407704145062	-0.11017769774587523	-0.1291283448487775	-0.10215269081641307	0.030787187381695353	
-0.05679022301363327	0.0008972608409881763	0.11838178542003588	0.030394768752902226	0.06766970738138449	
0.004189193431925849	0.06732716112494427	0.11355100805184903	-0.05344621898674573	0.10139914256416697	
0.10270262432851895	0.0529404947691337	-0.03778425740158701	0.06287719034559781	-0.0725639547812733	
-0.11243414504495204	-0.000416736772416931	-0.15193141053059392	-0.15195600594582506	-0.19978074651606875	
-0.11311347272774673	0.020878693773367776	-0.0776275059604932	-0.0659234327867386	-0.023582155107562265	
-0.023701310765635628	0.06250133944543348	0.003804837688768147	0.08541014080802944	0.12155720168190436	
-0.07675663922678834	-0.015277814657210181	0.04205985927986749	-0.014315317973185061	-0.08666416281245498	
-0.1087015668715444	-0.0573319917911652	-0.1275082633670104	-0.03665077801364758	-0.13011896456273686	
0.10068243100958033	-0.057896707271453136	-0.04953788518013129	0.08224082458481052	0.004540550412215228	
-0.02800674859575177	0.11347734636893708	0.013767267620245879	0.09025639902681731	0.09348979525129346	
0.11770893298023499	0.05502154416375259	0.09701637006055651	0.01273801213853765	0.005889662087961454	
0.07553784434779459	-0.01725516456719242	0.08873675102219515	0.028724904312488943	0.019930162223164422	
-0.15236580201740924	0.029280358804645093	-0.09619884932361873	-0.06542596327912105	-0.11249462663409392	
-0.01414125589334917	0.10858795880673071	0.059255366526424144	-0.05829309076923545	0.07275348186948195	
-0.09595998650292104	-0.04274588795046444	0.007725797063753826	-0.0952605039928135	0.002771995425922635	
0.03259852563701271	-0.09218944924872262	0.09644720130288831	0.04608972439020744	0.10979978101825374	
-0.08366051038922895	-0.08679184152225758	0.06506857492430748	0.01980948633924823	-0.10742546208893891	
0.046912826980212666	0.047589454933398535	0.080013051907949	0.037724905282552665	-0.08041263568628379	
-0.09039517067539496	-0.09064806494356774	-0.08808618949105707	-0.044973556982860624	0.07907805458746116	
0.054713108997983005	0.0446998790800912	0.12198543686307131	-0.026117370923253586	0.014590380736815565	
0.04939855333628931	0.11669551116821092	0.04921783827676368	-0.06308060639345249	0.10028512045677739	
-0.062136107659854424	0.05476895210304977	-0.031593384777202596	0.06347278499476688	0.03893979850635779	
0.03962696845507658	-0.051519749151739964	-0.053753050319628015	-0.0447570250843231	-0.05474919185003491	
-0.050112039510965684	-0.03403698420605604	0.07497900435272864	0.04127393111945111	-0.061824907186674306	
-0.14159461640759416	0.04712737989282291	-0.04973301371962207	-0.11850508535949707	-0.11842834105457622	
0.06181548500222594	-0.05140465251728387	0.03098333146273997	0.10752644789586178	0.08576334378083082	
-0.06251035472717797	-0.010596095549628093	0.012004343896954603	0.05376150407019161	-0.08187831926362665	
-0.11301605495191777	-0.10016310225915215	-0.02143685803339182	0.002201711997903895	-0.007409768514833851	
-0.24621077147601236	-0.06828909852489891	-0.2171612381595543	-0.24736569451725682	-0.25058216941785466	
0.15560398598571593	0.1123740076112743	0.07424569815054423	0.02503001807189424	0.10726239473418774	
0.10628644013350869	0.0007746402065890857	0.1412877052170298	-0.003127034294441509	0.05286628850380573	
0.06464358108015866	-0.05854953521037642	0.03204692309468642	0.008751840474561835	0.08953008221178863	
0.008706573099037558	-0.0452930247384027	0.11047378310043358	0.11260639543363168	0.15108553994097407	
0.07189165555966735	-0.10909939384636794	-0.06870851724147627	0.006430817780435371	0.07088514572273563	
0.03698658177447953	-0.030023997448311825	0.024408390556729477	-0.02790441032291392	-0.08692679533668618	
-0.17683403968396966	-0.11637999917640053	-0.18465758926547665	-0.10372894800911905	-0.13658195557797947	
0.029966589523303437	0.12963736298155237	-0.007675013022623363	-0.021186743574927072	-0.009294819627062108	
0.08703177963808008	-0.03269624587619917	0.18649656967161574	0.1532743289266966	0.010832904543511206	
-0.05691848113994325	-0.027708400312324518	-0.06488396202865974	0.07010329168253433	-0.021422094535308484	
0.0542380016985872	-0.010203298049279526	0.037345225910295606	0.03221012654512265	0.03779859755990997	
0.01661278105344871	0.026479442080419947	0.08836447709182213	-0.01673387984884272	0.028966378486451973	
0.06056381543499082	-0.06691555030212344	0.06520178788395099	0.029477184552143973	0.11224818659470619	
-0.0258616319367843	0.08601102425354044	0.02822479243554662	-0.05182869490217095	0.07096993688795426	
0.04358274507905385	-0.07478419667876973	0.00785200276160127	0.05681055802284123	0.10899521851505187	
-0.10792391171899471	0.08713124238658536	-0.03272672279850857	0.08567058755533705	0.011976336334001424	
-0.11865602053355792	-0.12848607568420564	-0.18268050055413496	-0.23696232187491867	-0.20898780893066687	
0.06692900766947556	0.08368798249794376	0.07047185662607672	0.056923738380988256	0.09402921359457175	
0.03023281469507422	0.08196974623823956	0.06478187080226146	0.0443978569971744	0.06405287760308073	
0.0061504711355400195	-0.017873884580583862	0.05388115013658751	0.012857813931740665	0.1266775930124525	
0.07587554746844746	-0.030401146906909992	0.03130336130204201	0.010689686341860363	0.1097910871885083	
0.09046750878635368	0.09131082839803227	0.051837080386023394	-0.02962365219638392	-0.030156413181912152	
0.0780299850750794	0.010738305786087098	0.0685361441702685	0.02206722313732595	0.055661212751679165	
0.02788859101835026	0.07125167045752949	0.04144152211647262	0.018767440661419756	-0.000690060117855198	
-0.060365322859852286	-0.004893623039379091	-0.05462818064337333	0.12357605914794217	-0.03114897760989129	
0.05981952218829817	0.07254035513664575	0.03502803652442954	0.010923745598351431	-0.07076780434151672	
-0.12182788417192342	-0.1207877638141946	-0.17736126652915657	-0.10249320381233983	-0.17798029406463942	
0.1076455489654164	0.09961892523154835	-0.021251897779585673	-0.052204453449694134	-0.03106401393773239	
0.05640958904043534	0.08612021238562746	0.004783527232438921	0.007670253091213056	0.139545387477052	
-0.023953775126615652	0.016705087239062104	-0.06217683548569061	-0.08741273517671926	-0.005833416989722117	
-0.0012750481743473853	-0.06808674886706097	0.028860155789292737	0.010896179611996352	0.033507386492148676	
-0.018644916729821822	0.08694676421376217	0.005686874501396395	0.05752843342329348	0.12253503596175341	
-0.07787932238945103	-0.02473196602570504	0.09364204861739951	0.08406073589426671	0.02959168577379447	
0.07000509306894816	0.08732521526332507	0.0617503508339418	0.06739215938107102	-0.08409792060511377	
0.0515753697539176	0.05573526346805931	0.04631341493733706	0.08149952934205774	-0.0667439105550354	
-0.01541184142397866	-0.007661694578024838	-0.12415057711777436	-0.12030126403442506	-0.05868551681447838	
-0.08104234055680562	0.0192516929390443	-0.06828535023758951	0.0021621244119702605	0.03358399888338474	
-0.033208840545352974	-0.06652851492592445	0.0880212956210315	0.015339855069513636	0.10334224295937355	
0.04066609538433899	0.10821542166227897	0.024138601133354108	0.018642864031985968	-0.056668055595081764	
0.024974177744882933	-0.0562754981220985	-0.00663685122486605	0.10371870920821018	-0.026105815847609577	
-0.03184206080970051	0.06732431704971485	0.03169141433492122	0.03186126872881767	-0.06635601986667576	
-0.04349874095309384	-0.00959102366865801	0.06110458837817917	-0.0934876338705092	-0.09106864315477826	
-0.04018577112492601	0.054818509005256415	0.0006133173714015765	-0.08034047586202905	0.011315708000705861	
-0.03297377257378282	0.07774489955982844	-0.012407999191418556	-0.06861960811075363	0.049361462158423026	
0.08150548154378078	-0.015492794277536151	0.06481707122650136	0.015308374899730996	0.024644989770829965	
0.11210371117029337	0.07443198720806132	-0.06980126371744758	0.06269909627044683	0.018774786678366847	
-0.034180040703114214	-0.15147336183330667	-0.18433459405737238	-0.21447879357815663	-0.16613932042344745	
-0.13192558292729242	-0.017646044561608835	0.005293933578503076	-0.01834437948744288	-0.011739553952761477	
-0.019199381248052927	0.07657382969432341	-0.0007189956210839902	0.07752612109681259	0.040884707024207045	
-0.0953987024493237	-0.10306602131782618	-0.12319825517850735	-0.11260145604897794	-0.03812434620880818	
-0.08543219213683075	-0.10193147459001128	0.04042276321840871	-0.03141278148023671	0.03772361649655663	
0.046348205498938005	0.03143583971736997	0.058953997719758684	0.05323633852983429	0.1296805520986614	
0.023991075616045306	0.11132256505880522	-0.04192160798176347	0.09840222887145304	-0.020925227247704296	
0.006753164080616475	-0.11106964746105302	-0.011616076357732957	-0.11739418841392911	0.06905968273050844	
0.12188928030175346	0.08862388468239053	0.1298129447111235	-0.02817244016879398	-0.017320705544070166	
-0.040609831674696895	0.03942330140789466	0.10428540357976541	0.11917146289967244	0.06768308489165864	
0.02213999358036794	0.06252551056462731	-0.04648430783753501	-0.07561543518869247	-0.09386297332599258	
-0.08230629496649554	0.056955879324440024	-0.07764581985974184	-0.05455194398802623	0.05488112021364635	
-0.04891592487942635	0.0873704582335634	-0.0574807328033623	-0.004244516201307061	-0.05027826916448401	
0.11612622146958736	-0.0020744631151544853	0.025241222231220946	0.03787265143597419	0.13017049503404507	
-0.05255490750781089	0.07328370087960094	0.12540626515045397	-0.05154922130149609	0.05638089316196325	
-0.022112727269857194	0.08092532924445028	0.026286750424677617	0.05086947428195672	0.006455250055583258	
0.034955678725575874	-0.03684254743822256	-0.08862734375953045	0.02372822233866258	-0.02663863832480055	
0.02044980297100185	0.09557046298929656	0.005496123591791448	-0.03150160570153361	-0.003752893696719908	
0.0550626083479386	0.061516088084953006	0.032945652227318926	0.049097484700994266	-0.09393931547538273	
-0.08753566868576605	-0.05931597564836261	-0.04298177472536014	-0.07063683977932982	0.014253182585559224	
-0.13382630625874053	-0.027804432935298242	-0.19025527347740284	-0.08189030108844678	-0.1959499692405309	
0.06669480606692146	0.0074957433368937725	-0.02949033054544036	-0.00026193046241901726	0.0978928998747048	
0.03050325909250185	0.02581489891917834	-0.029451006573738267	0.04637651198495525	0.13790656613389152	
0.10921815307450514	0.05287294275721885	0.1473090846288726	0.128504553089101	0.0766549367742753	
-0.0492983543800147	-0.04864033133485462	-0.03739251046239074	0.03617633070341351	0.029987335994522198	
0.12970675584332644	-0.0407909033009724	0.13398686120294803	0.08970796629472053	0.10811407371061496	
0.013501031908605339	0.021662572049255705	-0.020022585200613528	-0.111486695578437	-0.04610746826480924	
-0.033389410141284596	0.021251235258633597	-0.04028114676852721	-0.04169278848244052	-0.11117768132677959	
-0.056728491069308204	0.08163905010243046	0.010641819208551378	0.13909314783055712	-0.004497054177903459	
-0.12312866776863017	-0.06809456061744945	-0.05418576513843738	-0.10530553627153776	-0.18658070056289225	
-0.024665583315001093	0.009924435678741798	0.04969149224601765	0.06718022960245952	-0.057185377534661755	
-0.11962648786756201	-0.01577304345469858	0.033842349511600756	-0.12421756510663053	0.003467812770169338	
-0.03359150452262089	-0.06491493526416793	0.0034796078995971793	-0.047650822806205674	-0.18627972875779736	
0.04215299677514467	0.10494497488948257	0.11714046209441853	0.07693933492155686	0.09104645952139703	
0.08763806496167204	0.007760560829174629	0.09380466457579127	0.10843143468406727	0.06026778654729122	
0.08324744506849252	-0.05244647916682959	0.06424539449160245	-0.029417088031886144	0.07003810898951347	
-0.018644106279586486	0.05669803330625425	-0.03503126124881146	-0.06249808556572509	0.04691637095741088	
-0.016585202087937883	0.06244074046993641	0.07327316390158756	-0.03325310749529189	-0.030410037762171264	
-0.10662214819771751	-0.10927679715886181	-0.07182509229168332	-0.14467844488388265	-0.1358876229570927	
0.02114722026039089	0.045255865816422686	-0.09774640465850956	-0.06933745579054275	-0.074388932860632	
0.10221951683695368	0.05585241864580577	0.03269767066303946	-0.019506373926912325	0.09051199365434977	
-0.05761885833233759	0.047882366887625656	-0.0078649764876523	-0.052663156852774694	-0.1301244106009835	
0.1266286155225004	-0.04452922900304863	-0.023457115039915936	0.019370165016624898	0.021107705334933915	
-0.06603949002126246	0.04929031440057601	-0.057085414448280476	0.033528203300606366	0.0562682545124195	
-0.10509846787692512	-0.018440450884768877	-0.00449015046609464	-0.024362894275451522	-0.04116267590202841	
-0.08214713649878612	0.014601598110126976	0.04194096465836915	-0.058834269527469375	0.003820173959070033	
-0.038969874165791604	0.103285856437924	-0.004189743847264778	0.03198076915820266	0.023305298965919742	
-0.09311562743542248	0.07318209518677002	-0.036352464661469124	-0.0036587256748430766	-0.012658126948030035	
-0.04022960645436401	-0.035263611257792316	-0.046840702508285335	0.03561954079275285	-0.005476885274064987	
-0.012223814164725816	-0.0669787451866297	0.07603505679249566	-0.06253673407496572	0.11657064505823365	
-0.07006809874205075	0.009520745584315022	-0.09705479989107095	0.05059385838080521	-0.06959276081555829	
0.007721358025172785	0.04852907497160759	-0.06677968815804813	0.011956361425334159	-0.05408688473501015	
0.0760074101417561	0.060872464810322637	-0.0357872646416226	0.09625946569794257	-0.06593244630505088	
0.08592188858731775	0.020787923877860954	-0.003124629686633688	0.06537568435543542	0.060354275597992946	
0.0692064044868386	-0.06640159688085864	-0.12487142756829557	0.05819188974839628	0.038226328794314667	
0.07944007261221056	0.02791756015114736	0.07925923396087167	0.09070098667855792	0.017528830956632564	
0.067237239174608	0.059706344737986916	0.03754365661188579	-0.005868478209712113	0.0560544503477216	
-0.10103329294860625	0.053141839485635396	0.0774590279622293	-0.053543463480232874	-0.07735250406491181	
-0.0962982130923701	-0.07396622833862562	0.02770433615596822	-0.036632714623439616	-0.09273286702867278	
-0.1702461730488413	-0.11981459520513986	-0.08858200199172024	-0.1410417343245644	-0.13181414374449135	
0.04022565915073081	0.10310018025321764	0.0434447946865148	0.022772026429954673	0.09924163421276963	
-0.02788874818645806	0.013519232335780092	-0.005271939900744219	0.0542136403896881	0.11083602493370609	
0.03816537590406702	0.09232449093309801	0.046668149975105405	0.08166240649841157	-0.011863971932069867	
0.011186814958928244	0.09955981943904611	0.049027443356235496	0.0788426158608304	0.03176647453902899	
0.003935430469532072	0.07121126237363584	-0.0818955717342908	0.018696382349324466	0.09321615632481345	
-0.031153910475838084	-0.08936689230097433	0.030080318192646924	-0.08489393778201992	-0.0035608048934702616	
0.08448806624000735	0.14522907258017417	0.11048818970571886	0.14658740700150713	-0.0024820106344565196	
0.11171500021371004	-0.07416472147205322	-0.0199649236138397	0.10360928761660225	-0.080972387890966	
0.03523326466254487	0.04889719764333979	-0.042200070716723354	-0.07962526366114617	0.025720068785048195	
0.01967476185047953	-0.05634708835552024	0.11267906687954202	0.10256898385743693	0.028300784371254193	
0.06428593508350072	-0.021884943891156063	0.02981700610639245	-0.026771361251738103	-0.0059857519159903245	
-0.03982769270482225	0.10945543228942925	-0.015858510275319353	-0.05607859899202451	-0.04338764999697869	
-0.06462099199386158	0.06654703255661312	0.050097090677610694	0.09222617199359708	0.04205840558761725	
0.04218772945255182	0.024969723291221074	0.036379525586998876	-0.03782335684150961	0.008105871349993368	
-0.08718273037615219	-0.05583039190426055	-0.09255616569197807	-0.04439549396631016	-0.08193514945508956	
-0.06515081422287221	0.05646010883635692	-0.08701722789306111	0.04515532168330356	-0.029514843544884182	
-0.019943022153668985	0.0743466327553603	0.030352104632034492	-0.04446852771576411	0.06507446059431526	
0.028444817237451722	0.0021282316427407915	0.013570991732639212	0.08265053659360229	0.006390641559327729	
-0.04687170531068114	-0.1232952363368086	-0.1074409020461501	-0.11519171413225943	-0.06457943928115585	
0.04826029097947762	-0.08544789475836521	-0.015794047308355635	0.04820979007853402	-0.04608168721122605	
0.12415009706050367	-0.014926898523035456	0.0665883190303997	0.07768464146534675	-0.004763235159263518	
-0.09402044569456745	-0.014175214154831112	0.091609124355145	-0.02776231927588278	0.06036301851012959	
-0.06150016485032417	-0.02901215006767611	-0.06707269176893083	0.046968345789619906	0.044248132091203506	
0.04351296726666153	-0.045337938050524336	0.044926354439915474	-0.04868396016013118	-0.007979435234546447	
-0.016986197060007438	-0.022743574170138656	-0.07850392458400153	0.03512460606022235	0.05229012163839097	
0.045298415179555594	0.046150746079129557	-0.04076262029908649	-0.046680956365033464	0.030969097052901278	
0.08960927639486677	-0.05243369860539221	0.008890084412847183	0.0010939951221982341	0.01767838108907716	
-0.051402378449542284	-0.01927043227931421	-0.029181836779680143	0.08581522369614558	0.08021614829540337	
-0.026141608748057286	0.011028610397064521	-0.08612074819356506	-0.011910346184680568	-0.05591850339619502	
-0.0891701793682859	-0.09345342206570144	-0.14577087569705635	-0.24296753626930137	-0.20321071320102882	
0.20002385078073967	0.16458362761054554	0.14618312194033953	0.03757069925548314	0.1564290492329308	
-0.1104886396766124	-0.1010480034577364	-0.15343658654402018	-0.11245273119313501	-0.08767211923532532	
-0.02306093737592426	-0.04490531804624098	0.0026438903296291433	-0.16558622584070087	0.00954507621057562	
-0.08651784239313855	-0.05820738877802592	-0.011987776304904066	-0.07566995772682286	0.028441474832569837	
-0.07797349818285704	-0.03399002185156384	-0.07364960792599468	0.053628763035686505	0.04941632704252565	
-0.03371170113671403	-0.06975521634357777	0.03907763506042461	-0.04171408436174826	0.048298684801797824	
0.06289783807979113	0.053036127148110054	-0.020529092919471015	0.09654790398473835	0.05158078108392514	
0.08712953453556499	0.09067098136143578	0.13745795925515886	0.14008491453650418	0.2711187457434114	
-0.048374896072164005	0.035344328107227596	-0.014956707367253788	0.052504013490203075	-0.056892662517803325	
-0.04142407816808912	0.06097530723276558	-0.07032745431301227	0.08656210969189783	0.025830918722237833	
-0.6366087646493528	-0.41565514875686055	-0.7100755136346336	-0.6851437253865064	-0.8234926735007424	
-0.38317308827032315	
