            A        R        N        D        C        Q        E        G        H        I        L        K        M        F        P        S        T        W        Y        V
 1 A  -0.0965  -0.0799   0.0249   0.1797   0.0069   0.0259     0.07  -0.1232    0.009  -0.0255    0.007  -0.0962    0.027   0.0106  -0.1264  -0.0352   0.0121  -0.0166   0.0183  -0.0565
 2 A   0.0877  -0.1359   -0.142   0.0348   0.0605  -0.0808  -0.0751  -0.2322  -0.2515   0.0674   0.1354  -0.0143   0.1205   0.1178    0.058   0.0579   0.1226   0.1099   0.2772   0.0836
 3 A  -0.0313  -0.0057   0.0998  -0.0512  -0.0181  -0.0584  -0.0627  -0.0662  -0.0385   0.0357  -0.0242   0.0249  -0.0018   0.0136  -0.0665  -0.0133   0.0522   0.1211   0.0925  -0.0199
 4 A  -0.0216  -0.0091  -0.0674  -0.0497   0.0165   0.0084  -0.0163   0.0346   0.0067    0.043   0.0395    0.034   0.0609   0.0245    0.024  -0.0128  -0.0438   0.0764   0.0646   0.0439
 5 A  -0.0341   0.0909  -0.0724  -0.0381   0.0398  -0.0406  -0.0309   0.0734  -0.0114   0.0727   0.0213   0.0465  -0.0689   0.0874  -0.0351  -0.0418   0.0006   0.2304   0.0979   0.0608
 6 A   -0.057   0.0832   0.0389    0.026   0.1104   0.0764  -0.0465  -0.0082   0.0824    0.028  -0.0004   0.0077   0.0313   0.1019  -0.0198  -0.0159   0.0326   0.0228   0.0462  -0.0463
 7 A   0.0154   0.0232  -0.0352  -0.0729   0.0866  -0.0204  -0.0802    0.003   0.0024  -0.0052  -0.0506  -0.0828   0.1176   0.0687  -0.0114   0.0027   -0.041   0.1322   0.0663   0.0055
 8 A  -0.0019  -0.0833   0.0127  -0.0228  -0.0527  -0.0276  -0.0536  -0.0654   0.0767  -0.0832   0.0248  -0.0293  -0.0861   0.1353   0.0463    0.021  -0.0177   0.0218   0.0645  -0.0369
 9 A  -0.0025    0.338   0.0217   0.0595  -0.0621  -0.0871  -0.0778  -0.0025  -0.0691  -0.0252   0.0106   0.0957  -0.1064   -0.059   0.0092   0.0444  -0.0509  -0.0105   0.0191  -0.0064
