            A        R        N        D        C        Q        E        G        H        I        L        K        M        F        P        S        T        W        Y        V
 1 A  -0.0393   0.0827  -0.0372  -0.0885   0.0012  -0.0264  -0.0246   0.0056  -0.0133   0.0914  -0.0249   0.0502  -0.0117  -0.0549  -0.0743  -0.0353   0.0018  -0.0505   0.0304  -0.0164
 2 A    0.139  -0.0024  -0.0709   -0.176  -0.0247  -0.0363   0.0193  -0.0049   0.0133   0.0671   0.0647   0.0092   0.0798   0.0013   0.0474   0.1755   0.1237   -0.023   0.0041    0.026
 3 A   0.0253  -0.0124   0.0393  -0.0348  -0.0888  -0.0225  -0.0688  -0.0089  -0.0184   0.0774   0.0407   -0.069   0.0266   0.0358  -0.0138   0.0552  -0.0229   0.0152   0.0287   0.0288
 4 A   0.0582   0.0163  -0.0282  -0.0033   0.0009   0.0311   0.0165   0.0071   0.0091   0.0298   0.0127  -0.0238  -0.0025  -0.0021   0.0213   0.0073   0.0052   0.0115   0.0549   0.0647
 5 A   0.0079  -0.0105    0.027  -0.0107   0.0599   0.0325   0.0381    0.011   0.0356   0.0491   0.0017   0.0042     0.02   0.0009   0.0172   0.0563   0.0459   0.0062   0.0465   0.0401
 6 A   0.0213  -0.0065   0.0162   0.0177   0.0067   0.0682  -0.0235   0.0636   0.0949   0.0008   0.0069   0.0014   0.0189   0.0598   0.1058    0.008   0.0324   0.0045   0.0437  -0.0164
 7 A   0.0139  -0.0227  -0.0116  -0.0172  -0.0162  -0.0087   0.0503  -0.0489   0.0257   -0.012   0.0496  -0.0167   0.0218   0.0319   0.0335   0.0263   0.0268   0.0322  -0.0065   0.0026
 8 A  -0.0213   -0.015  -0.0034  -0.0547   0.0018   -0.032   0.0426  -0.0359   0.1153   0.0164  -0.0157  -0.0074  -0.0505  -0.0349  -0.0164  -0.0201  -0.0176  -0.0276   0.0208   0.0288
 9 A   0.0095  -0.0384   -0.208   0.0015  -0.0091    0.015  -0.0491  -0.0899   0.0508   0.0431    0.032  -0.0602   0.0169   0.0958  -0.0583  -0.0092  -0.1029   0.3768   0.0522   0.0008
