TESTRUNID EPOCH: 99 L_PCC: 0.921834441568813 L_ERR: 0.004544988521909307 T_PCC: 0.8243242377943939 T_ERR: 0.009546830162550802
180 LAYER: 1
5 LAYER: 2
1 LAYER: 3
99 :ILEARN
-0.26191953597556616	0.008186956191291514	-0.3423559895915254	-0.18849957095239328	-0.3140352005503088	
-0.2970617339536524	-0.09161131787151709	-0.2589221638389658	-0.18980871084853937	-0.25270509184448214	
0.043426931419686204	0.05972326003700933	0.00318106916676737	0.1241809096261591	-0.02374098661449949	
0.18771628569478988	0.02384864041578011	0.16816739359600316	0.042739429478478905	0.10184469953718042	
-0.021349693106057745	0.10281326033296845	-0.12453476562268898	0.0020508675288519952	-0.020564492812129537	
0.022097796811706996	-0.08321874371240832	-0.16549690678723158	-0.10740898066542805	-0.007579456421348495	
-0.07644720120556892	-0.003104908611746933	0.08776619214101551	0.012969308807159685	0.02642395754948067	
-0.08381141571075476	0.037079515652333556	0.03921716319670254	-0.1045980251847263	0.043305279806406645	
-0.02893360248030392	0.03693496950459295	-0.17791073211569208	-0.018213718396579502	-0.21237095517798643	
-0.03427804446236802	0.08990508165003128	-0.08024159891531295	-0.05443868809684939	-0.11863452149343551	
-0.07486748399517698	0.0577231123756732	-0.051927791970175836	-0.02291527229473672	-9.369978102623061e-05	
-0.18403048343063041	0.011933508021550998	-0.17087325184884605	-0.05086410527080996	-0.0775338103622433	
-0.10314630178464755	-0.008605505175813877	-0.0005055592337514685	-0.026124525139044532	-0.13045540167220307	
-0.10600770131741483	0.01851648957816605	-0.11678109089117239	0.024089459825001925	-0.10469116625508246	
0.0525537956427108	-0.053470335633261756	-0.09108765334466733	0.06662017388053018	-0.04766912095175739	
-0.14703746896615524	0.08032562190885151	-0.10701902612939446	0.006347828827085035	-0.03056823379539229	
0.040680384118192976	0.024580053811293447	0.0129436868151462	-0.05164166244359949	-0.0862731429712852	
0.04268036428054833	-0.016410500757758455	0.06288352428999192	0.023795607120096374	-0.027099520285057688	
-0.2985610054661539	0.04101098696520565	-0.24023143597775248	-0.12400303550565532	-0.24429873863527388	
-0.1337631168237944	0.07324427892157007	-0.0817655099063536	-0.15561492225889736	-0.08340783484887211	
-0.026591898173842932	0.030980466126549637	0.08427162040010053	-0.0052798451251436064	0.08655903791216547	
-0.07779103425095997	-0.1044942825378294	-0.016197588878976446	-0.02060181177490295	-0.015087504863525466	
-0.12062494483455914	-0.056678934425033176	0.03880159404403663	0.031229120096354843	-0.14035293025369652	
0.12293594187825799	0.09693161683137863	0.17105152974284762	0.12096698858772763	0.0074324910818246845	
-0.15737401229114412	-0.07792918265842223	-0.15918345391283129	-0.06987975685429815	0.0013789951544558	
-0.0020398632092596333	0.02181479324496475	0.05844162542438426	-0.07417604492562879	-0.06168203319603399	
0.029991254177525326	0.11305980516800951	0.028829169600544227	-0.07782301308967071	0.06969375953129912	
-0.09488168720910378	0.0852448484522059	-0.06304691703283852	0.06937412685074484	-0.00139569864035227	
-0.2575895005833185	-0.13327618364882057	-0.3517808467142317	-0.2593270492259425	-0.3899182557131035	
-0.0581709213248886	-0.04328651553052836	0.04710112741659633	0.026189307267685792	-0.08536447408133187	
-0.020431659168263252	0.10603138572207042	0.06305431825153428	-0.02120504926916231	0.009858294216327486	
0.0447707143344564	-0.03940616012748297	0.01717123621156004	0.1087126643186032	0.06159046814919902	
-0.087839511898269	-0.012601444160820584	-0.04195520526887732	0.028668131704992515	-0.12763515703731323	
-0.4304712979032084	-0.19532969531666122	-0.35736406022721	-0.24590692836894548	-0.3621870323020695	
0.03345152337264262	0.13980801422470257	0.10066387974232745	0.03443076824263315	0.08569667029377473	
0.025389924064830337	0.05684994876267236	-0.06131812294481938	-0.06840411681104028	-0.038695091421993975	
-0.040582536530317036	-0.0471508573238006	-0.008736947398861175	-0.09745248106365995	-0.09390789441494492	
-0.20007433773747832	-0.12840313748645507	-0.2510578633960754	-0.19110589534778608	-0.21466769306751773	
-0.46142406861352947	-0.22673908591941566	-0.37837074772608287	-0.2702554408769563	-0.3756079143467268	
0.09920962890266125	-0.08307924403092264	-0.050760709952629525	0.04001098811515442	0.1010254884465643	
0.14475817237438968	0.03294480594646203	0.13805579254378386	0.07830185290218734	0.036935174064630795	
-0.030234819347754977	0.026375934480167697	-0.01308479526262099	0.07186886359932892	0.05389900452480824	
0.003812480121902393	0.10720818552948762	-0.0404172126958329	-0.045502407429608635	-0.031316464160453854	
0.032765443284967874	-0.06829027648770865	0.12048512704041593	0.11887726055790702	-0.05401066512803669	
0.028270453482424893	0.0007521704552864273	0.020340018005634508	0.1358887067645587	0.05611476975712005	
-0.09677492801548998	-0.019211385362066347	-0.11050733845125718	-0.06309515617463861	-0.11475580386253939	
0.011872278778823436	0.023157656756510474	0.08280698357704543	-0.012214513816200416	0.01245857498575359	
0.008267042152700594	-0.0802996074493109	0.011376408090987191	0.004082294163105416	0.07351417961673169	
-0.04568481415920967	0.0806062975352536	0.02387463347067751	-0.06611947655573307	0.06415631653957557	
-0.03585040386319544	-0.09479559877513798	-0.08266741586178163	-0.020175357216110953	-0.005030849476655851	
-0.22532693704408804	0.06839248249159008	-0.1645732409040944	-0.02418612413787323	-0.14412444392280743	
-0.027061987888032987	0.0002892920311620148	-0.06752476301038829	-0.10894406489822035	-0.08539172191015731	
-0.08807107374193507	0.0362452260153858	-0.09434362696390969	-0.08293907369135066	-0.09277809618538686	
-0.014843982307003541	0.048662487528776444	0.017546993239996696	-0.01059519827630908	-0.007779243073223198	
-0.3027225274448847	-0.06349651540158985	-0.27792403180539155	-0.16438571504185634	-0.21430844085399264	
0.08729610868722883	-0.04478897148182793	0.031174284492289473	0.014812287701626388	0.12204155127168557	
0.0748061095866472	0.08428983594930162	0.01521019802086539	-0.04320240806025507	-0.05736497033995575	
-0.05795564177053423	-0.001313126077674835	-0.06947002808758501	-0.0708335434269751	-0.10504452610590258	
-0.03870892499702775	0.052173967083166864	-0.015547703477468212	-0.029823654449176895	-0.0660674053659939	
-0.07957617927125504	-0.016029384381918397	-0.08439311787666794	0.09315594532485102	-0.0802087042786381	
0.07637390659882105	0.08445174204425214	0.037405478254009736	0.017023845051919707	-0.05669441742197875	
0.09998172216773217	-0.007728089397812991	0.06843204810758104	0.08574795323918927	0.07082100162675868	
-0.023797058061449085	0.06556284705667081	-0.13133292510188052	-0.14965843150566047	-0.15737801016738942	
0.015071861412703572	0.06266306093420253	-0.031711893429916156	-0.03258683037508279	0.0806407968629403	
-0.16504530792917765	0.013682304459206247	-0.19717678241200437	-0.1789246115339421	-0.18000111725335743	
0.027991786737540353	-0.06800539247825839	0.05985187117650943	0.019250455437746953	0.050036441776541284	
-0.00847760842525757	0.07033833253016987	0.012586926684056652	0.045403379992341494	0.11384962610975853	
-0.05500355974569885	-0.007779075073925938	0.11071972804065047	0.10523429422936964	0.04606950332977231	
0.0300312281457581	0.08577822820070408	0.030641562562015084	0.04615325068517706	-0.1270217472910682	
-0.06674613727037411	0.04113077727567222	-0.088585396200733	0.01058415879463987	-0.20367404483679383	
-0.07051236242125011	0.04202183190269025	-0.19215976033142232	-0.10948953274791547	-0.12553323489396348	
-0.0304166681209891	0.057525670495714096	-0.0034444112962322263	0.042908107385372984	0.10034530496492805	
-0.12292593414821461	-0.07703182314660535	-0.014476877045485913	-0.03417711426337848	-0.005526573779681089	
-0.06414061716296382	0.1022593127313838	-0.0854315120816309	-0.02330848200152458	-0.17185344357652768	
-0.16031419347861392	-0.13228132848629914	-0.23003562654367496	-0.06683976636991697	-0.23573208534318407	
-0.040634551575874325	0.0666241823335283	0.02735748101054662	0.02034965704721899	-0.06959611126721585	
-0.005086734876872685	0.01347840597408296	0.1096535398891122	-0.06517346332360174	-0.038791671611553884	
0.000510978470249806	0.08538037271119445	0.05115793382733178	-0.02609556181220206	0.056817981261418404	
-0.050172209071459174	0.06592110264129085	-0.026939284700842565	-0.07061529781765481	0.03164096749155473	
0.04839798664828814	-0.012399882819209007	0.019920572903386356	-0.0018722134390019168	-0.020061867895371562	
0.047233313677842365	0.061806536135281184	-0.13221143724232093	0.01685089829208996	-0.05317180579828749	
0.2609612059376984	-0.017666761722480447	0.11736598437918676	0.04320400372157417	0.16019147973164652	
-0.22242130906213645	0.007422614300083234	-0.10349091610742091	-0.05683832918268186	-0.13295383738231648	
-0.03877026517150685	0.07781931481867403	-0.0347463342698903	0.0534569638250968	-0.01651031761524948	
-0.21209444929478594	-0.08853362126276614	-0.2472208811686702	-0.17019454897592506	-0.17002746938500254	
-0.012438360802341937	-0.07350014194196798	0.10576714457412821	0.02875175668835625	0.08532119072294761	
-0.014087407644130304	0.0017924920174614638	-0.018890281686349167	-0.005507081225206198	0.027464882860004917	
0.022970905332366485	0.10219409080008256	-0.050796469870684556	0.09318281588331173	-0.03853843246590949	
0.05760191122836699	-0.07673260819219747	0.024695141395008256	-0.07140736322461406	0.10229439562249366	
-0.015508730435504874	0.05290497999734551	-0.00872541774216765	-0.12386076012060523	-0.15422557111255042	
-0.03493957654717624	0.039322910423379	0.11230219387873831	0.12341337509334528	0.08100238428346057	
0.0669997195125641	0.09392088264956298	-0.01081546054584325	-0.033989355407378255	-0.07322717132762334	
-0.04003566791078105	0.07811301101350025	-0.03262418376752435	-0.010616604740325398	0.10836092957774432	
-0.12058799942421053	0.09712025809109306	-0.14231990932230082	-0.04218411140493915	-0.11083264258862119	
-0.01880565625534894	-0.02407973342955758	-0.10604108313982702	-0.05871901140797063	-0.055690756498693844	
-0.09640793028089076	0.04834006303952365	0.061820331715696494	-0.0986531531682293	-0.020916775757494923	
-0.04250189645358343	0.07515268054324858	-0.0004907611086020483	0.03551576940856791	-0.02600421951113015	
-0.10286636061833505	-0.04394672726432804	-0.21264260274197264	-0.05255184574988257	-0.16395926771294414	
0.07550391618134412	0.10566969272656404	0.04915472369587254	0.0019662428867041728	0.060201957456806524	
0.011201391304426718	0.08230094091471775	0.0014151221409461744	0.046110816112919194	-0.11251791992224391	
-0.1476641118369024	-0.06062023863405635	-0.10728861820538481	-0.11814794508532132	-0.06746414535080263	
0.005547813622866782	0.0818085550733018	-0.030081308378437824	0.058646551751544124	-0.020260931220616767	
0.08022632321677262	-0.005227527406908252	-0.008708411826683197	0.0010704163067581651	0.09907936537964528	
0.11845559655706897	0.050638872225531435	0.07131862687626557	0.12002116225381684	0.21454446848303305	
-0.2706189899426912	-0.035649569928448144	-0.2254008378138667	-0.15330489104218178	-0.3283871097782752	
0.005579217959831027	-0.052531493154418	0.02176761591059602	0.07959484877103135	0.09687010552853773	
0.13120886913411647	-0.044046341154123335	0.13917123951618296	0.0959132062714228	0.10248137306888626	
0.1383512682812425	0.08637027314515602	0.1334888604361788	0.0010341409074432469	0.09517101524348769	
-0.18181889943665305	0.02978451336071094	-0.17764001625456557	-0.0927617588203698	-0.22603261871760102	
-0.16306574883998814	0.03159620437812597	-0.13912065915293123	0.02738257156150717	-0.16861828289880615	
-0.07277295202154566	-0.006688360224987596	-0.023206676237272995	-0.048160131436972585	-0.13539634483832821	
0.03367175581697452	0.026315013452933095	0.12004128998245614	0.11332244119660104	0.005484296333446643	
-0.04585510464963489	0.008322125955948778	0.08791929572556656	-0.07115910079071597	0.0772814179047754	
-0.13057056454210947	-0.045954068584732576	-0.10790981647717662	-0.07068795862246946	-0.2590126428196241	
0.05501153093021346	0.11474286215892769	0.12585045629281566	0.10369729218137712	0.06649587690066033	
-0.03461317430561837	-0.047854506285285855	-0.030263468578434455	0.0033355747586263015	-0.07517174876967446	
-0.0007487423949443059	-0.07783626464963898	-0.03556240326662151	-0.1121339573036359	-0.0384306835205375	
-0.007617793466992758	0.08035609483069989	-0.03492502760097797	-0.02623720092643077	0.06691164280344727	
-0.16252028250236095	0.022179105086258016	-0.08800794610273828	-0.1144381487930074	-0.16733861003364986	
-0.19033689303868567	-0.10430631701350328	-0.1909606097950167	-0.2166663123614839	-0.2629017676099756	
0.04944181431124459	0.07335729506649745	-0.0614740181773826	-0.03114510628592944	-0.038724409024230064	
0.10285776224978702	0.04806459400751635	0.03234587649125306	-0.018019984971082658	0.07604974013399886	
0.0054149207113889965	0.07415536121350604	0.06257747759181576	-0.015216873326928846	-0.05924690402613804	
0.060026043950947024	-0.08555259505459037	-0.09993017945487172	-0.05792231800708938	-0.06597623411952042	
-0.0046020257514952645	0.08251431397357278	0.0019550141095315983	0.09390938378514285	0.08863083443475302	
-0.12542643541894458	-0.004897261748994671	-0.017093759314521385	-0.022272866779705847	-0.05569363253660327	
-0.15368657684697848	0.01845829682096062	-0.029376647683250226	-0.09579794441659499	-0.06947710896177554	
-0.09775644469303135	0.07274868887118029	-0.043955402327846976	-0.03295736801399182	-0.03222671332003789	
-0.19849432817279325	0.028881450748429318	-0.17113870041730936	-0.11818123642359249	-0.15364059848238334	
-0.02444046019491318	-0.01787962286805489	-0.04249854811223308	0.05660182905425094	-0.016606184610334872	
-0.05390862647219655	-0.05312996861422836	0.01557133863541024	-0.08009604293795712	0.04403421361553202	
-0.025560618067631647	0.014528201685062433	-0.044897197054990734	0.08599550970290182	-0.03156727452290919	
-0.05494823408696217	0.05360276980506211	-0.14385895467487556	-0.024899499081807202	-0.1441615499950089	
0.0316603821018398	0.06431453563186527	-0.09890304829172494	0.07941405987745734	-0.12631180682665083	
0.0761995930913884	0.02666870884451175	-0.014368078224959611	0.062422563215909645	0.04475279775686951	
0.09809615846508905	-0.04946864685897066	-0.08918423048271906	0.09609180443740915	0.08037902838315372	
0.05477224234478034	0.014584433911736517	0.054674763836571154	0.07630301463968323	-0.013995396708848092	
-0.29115465718558403	0.021124436292807133	-0.32102110039894344	-0.21068448511509846	-0.2881683317543925	
-0.1480579266831068	0.048110188787631895	0.01703104750893948	-0.08315136100422578	-0.13263672964933612	
-0.03695267017677014	-0.005675980789571876	0.09119442487760213	0.04803115844758257	-0.037680705178764554	
-0.13631337734255208	-0.04831351100411316	-0.03696420836114757	-0.0926813008156932	-0.08942255794021364	
-0.03794772066164138	0.07119395039137338	-0.030529279330034943	-0.027636383269717242	0.007952886639371149	
-0.12551768249442508	-0.030239465333375532	-0.1030910767009423	-0.04343813678135704	-0.023975653512725934	
-0.03949137522651122	0.05078778176960129	-0.02464829378414734	0.010414686508317974	-0.1062073173170049	
-0.12139527908432551	0.0774948976660584	-0.09126092087060313	-0.02237622542001078	-0.1282353547517806	
-0.03056137838286648	0.06565960116654757	-0.10358975091073111	-0.0006372372782472631	0.048044411274159156	
-0.05691000519217341	-0.07269838292356025	0.009520110967019551	-0.09218001520143355	-0.02814569388461645	
0.056176415377912015	0.11356010663947279	0.07850299272428415	0.09552710002626845	-0.0644521832209796	
-0.023617862906781424	-0.10466598018000847	-0.14768492037326078	0.007210452618044472	-0.2208377718066489	
0.0371285007252171	0.08234560503468076	-0.05159898868009331	-0.0631538385994013	0.02640886648383622	
0.03599612545357831	-0.05120587678443694	0.1137410951926603	0.1186500761029621	0.043492810558474204	
-0.028454414792829834	-0.02631234276610294	-0.050244859972199546	-0.06518438683498348	-0.1038083760659775	
0.007894186824717497	0.11215459866654895	0.016757638845683022	-0.031079320797284392	-0.0016208613761934116	
-0.23569786137817728	0.03434873185088419	-0.16287083786948936	-0.0214245417977772	-0.14461462093955027	
0.0031714514555707648	0.05336938895723329	0.005423596237521675	-0.040323347790442575	-0.03614622046740593	
-0.21306587916798306	-0.06581801162163806	-0.2112078712243553	-0.13190767890882243	-0.2206351822300099	
-0.17128197261426029	0.05941178052181734	-0.19907528570709201	-0.02198350836615944	-0.15208367236730322	
-0.06785019962178064	0.08592298345116582	-0.04207459139951557	-0.052322066350438054	-0.024436730134784097	
-0.10791273250152159	-0.03841342341204146	-0.14961866748250202	-0.017024463638391957	-0.15254612985035299	
0.010103905123740053	-0.0392372856694576	-0.052439916821956215	-0.04078483495848197	0.008617375987222991	
0.2725185045488068	-0.005686234526387777	0.2134158265828516	0.2186890843795174	0.19045806886045144	
0.22617483540922118	0.012064626842196734	0.1743016102611798	0.1393072785213414	0.09805676678380536	
0.086763355933596	0.05045602926539828	0.2744448256844	0.10149906784720653	0.2425332302075113	
0.06134023279756134	0.03197702572495976	0.057007276121797026	0.14130667566468857	0.16257184801436164	
0.11548819721644016	-0.010412966589294198	0.10671692338154369	0.01631059914725557	0.05953206215850831	
0.13785220929095038	0.027475850775580016	0.0823821770414101	0.1425905593483656	0.21286283511874968	
0.09997591971958672	0.07399585980978314	0.017246070804046665	-0.007577767843981666	0.08110762521676472	
0.08898626229304826	-0.030264340451253365	-0.0029507233031277748	-0.001436609925598905	-0.005288483257968877	
0.05991366352748844	0.004048699780770321	0.08470843092885191	0.16238112118561998	0.19024152304908595	
0.033382076937973834	0.02301878594276764	-0.026039178182481002	0.04380465108434999	0.005398104310565342	
-0.22117842488683465	-0.03287446477726875	-0.2743681740319371	-0.269294959480595	-0.3147512360739503	
0.28294333522287307	0.15900455101651698	0.22303681572472006	0.05750371654943164	0.22811046670754145	
-0.06012556500454391	-0.027633950865627643	-0.08999955639996225	-0.025221984440805083	-0.007575904069152714	
-0.42285518417909773	-0.11432418102133605	-0.39642057050595847	-0.4075589667705553	-0.40708097676983396	
0.0061464722307622505	-0.006491093713014846	0.08246868589212082	-0.0006789962802500836	0.1163938510212316	
0.05443177777995829	0.012490528974236437	0.06096787835237698	0.1449763133499898	0.18568747972030694	
0.039444334418876036	-0.03346614635969533	0.11816673210539388	0.01539481826670379	0.12871690637388514	
-0.3668030101730194	-0.08356730797207115	-0.45695648598598865	-0.2172073659569954	-0.4237500079716559	
0.06842796474534969	-0.027016491808249714	0.10486309646897848	0.07847915279785751	0.22397139091078774	
0.17758925829677472	0.09185432223396907	0.21750835155025094	0.22968444460471893	0.1851570324936811	
0.05759503071277567	0.0574059268055929	0.022942313811600046	0.13651882290021003	0.14897380107550362	
-1.2196419817207862	-0.04026126190398102	-1.2561635377643539	-0.7602152730637871	-1.3539638181642695	
1.6724528684778113	
