            A        R        N        D        C        Q        E        G        H        I        L        K        M        F        P        S        T        W        Y        V
 1 A   -0.123  -0.0925   0.0251   0.0117  -0.0118   -0.085  -0.0045  -0.0928   0.0319   0.0036   0.0204  -0.0999   0.1786    0.125  -0.1457  -0.0691   0.0677   0.0941   0.0693  -0.0214
 2 A    0.318  -0.0793  -0.0874  -0.0428   0.1152  -0.0479  -0.0153   0.1717  -0.0266   0.0722   0.0159  -0.1734   0.1222   0.0508   0.2488   0.0853  -0.0037  -0.2655   0.0309   0.0585
 3 A   0.0585  -0.1219   0.0073   0.0488  -0.1034   0.0134   0.0781  -0.0807   0.1113  -0.0201  -0.0353  -0.0758   0.0277   0.0461  -0.1132   0.0175   0.0104   0.1342   0.0419   0.0833
 4 A  -0.0143   0.0069   0.0421   0.0223  -0.0057   0.0702  -0.0494   0.0297  -0.0651   0.0349  -0.0495  -0.0346   0.0232   0.1283   0.0638   0.0399   0.0682   0.0621  -0.0615   0.0911
 5 A   0.0429   0.1119  -0.0088   0.0599   0.0635   0.0711  -0.0108   0.0547  -0.0151   0.0343   0.0402  -0.0856     0.12   0.0547  -0.0287   0.0845   -0.047    0.047   0.0151  -0.0091
 6 A  -0.0107   0.0314  -0.0262   0.1259  -0.0555  -0.0148    0.066    0.021  -0.0274   0.0898  -0.0541   0.0415   0.0342   0.0587   0.0827     0.02   0.0257   0.0098   0.0785   0.1434
 7 A   0.0954  -0.0712   0.0536  -0.0002  -0.0957  -0.0115  -0.0119  -0.0094   0.0028  -0.0251   0.0636  -0.0515  -0.0085   0.1053  -0.0212  -0.0187   0.0931   0.0928   0.0459   0.0428
 8 A   0.1143  -0.0096   -0.158  -0.0342   0.0218  -0.0687   0.0302  -0.0151  -0.1312   0.0827   0.0186  -0.0505   0.0347  -0.0106    0.117  -0.0162   0.0765  -0.0267  -0.0474   0.0613
 9 A  -0.0027  -0.0173   0.0508  -0.0163   0.0023  -0.0495  -0.1404  -0.1847   0.1926  -0.0016   0.0557  -0.0693   0.2339   0.1353  -0.0742  -0.1081   0.0025   0.0235   0.2425  -0.0897
