TESTRUNID EPOCH: 98 L_PCC: 0.8356358031497697 L_ERR: 0.017218482777862802 T_PCC: 0.6888923513893267 T_ERR: 0.02819871709822708
180 LAYER: 1
5 LAYER: 2
1 LAYER: 3
98 :ILEARN
0.09270991679059941	-0.013082368541541899	0.04418064811047213	0.04214834461135947	0.052663284755898446	
-0.03463754617573638	-0.08896353933894784	0.0293955829165412	0.013224681510575279	0.060927042375718665	
0.11488919366205266	-0.04173653606720845	0.10687391381442891	0.16904176446313246	0.05078143137729107	
0.004498289380772694	0.003524853588047686	-0.028934234240122408	-0.09504931468543916	-0.09408427933543474	
0.04650406488551935	0.10931721793546403	-0.054605573975949284	0.021858158773946104	0.06002245639821108	
0.15878723509386092	-0.13699268610744192	0.009387258037692317	-0.010660931605083463	0.1602794076455749	
-0.1234406526540538	0.0107884209227406	0.0321496428373017	-0.02835606801497137	-0.009206133511320876	
-0.02324675130812096	0.027323618746860283	0.08664647603421503	-0.08614486608406237	0.0658377890386343	
0.04578320036768001	0.08618609749114678	-0.11024877294475191	0.021892934391205935	-0.1311577169441924	
-0.0030915294543085877	0.08177042044494325	-0.02994559522270263	-0.03596281813099188	-0.06311455500944944	
0.030882861050467014	-0.04618526025276655	0.1174161636174152	0.04808361824165201	0.14236413954272875	
-0.10597354752349605	0.030277856859511475	-0.09430438509071835	0.0032947496858358742	0.019350462986457692	
-0.11318969056148975	0.008258259346202059	-0.0019658971598296112	-0.040544436080354296	-0.12477648568379218	
-0.061523859825775726	0.08484033369694827	-0.08752866709144566	0.03453020573723623	-0.06541551713985817	
0.060476490439389186	-0.055531393114110844	-0.0970936832720286	0.048731876351929194	-0.038908116272654114	
-0.05858140434367671	0.0793469450637917	-0.020895130569867023	0.057610107926669665	0.055437372558686256	
0.11476117212359592	0.005275063500737759	0.10266845506990414	-0.0017017581649842383	-0.0009088844664899027	
0.07917724363921338	-0.014381762025741013	0.09296800942967712	0.03268829956368963	0.024339144041824357	
-0.3011844860332665	0.24666953627144644	-0.26787037684738524	-0.2077867373625586	-0.2773079939577969	
0.02931969553148462	0.03518678429926826	0.12252695766290883	-0.0379919353828252	0.11630900354191873	
-0.06343655445681601	0.023952775516631372	0.03974750585343565	-0.05426795409747025	0.050780463328808305	
0.03882582544240711	-0.11072063339954433	0.1044295304886285	0.04792224024093379	0.11303419208100789	
-0.07353539430667187	-0.06840177308106368	0.07911144469611325	0.03371531395891588	-0.09120299415650338	
0.04627155912843988	0.05199031054944441	0.07840896738792691	0.03802637927748597	-0.08084265441083929	
-0.09602397323204089	-0.09475780262445616	-0.09433870239584108	-0.050757786479390825	0.07200558973657761	
0.23213097460801635	-0.11008938893836538	0.35735869244388874	0.09282585529513862	0.21577048977742205	
0.0855606430819359	0.04292949882815096	0.10336732823148721	-0.047379839857960716	0.13394846024773135	
-0.04014595958015358	0.054392271247249	-0.00492822634529419	0.08070752939041519	0.0626033429099336	
0.06637910977479648	-0.10854727467185449	-0.014712139824422174	-0.03617581259071044	-0.030856661365689635	
-0.07844697086585825	-0.0565529588534196	0.04194372244857024	0.01070812215292114	-0.09402118448559559	
-0.18152121540276756	0.15607536124685742	-0.1170087517913293	-0.13540285155868564	-0.15402542593078528	
0.06448283154399592	-0.07561379613523818	0.03575107994905856	0.10509349549171405	0.08403106980033298	
-0.183170506827102	0.09316149217715966	-0.1518100276969884	-0.04203020472972277	-0.21338095366747536	
-0.2385440645844441	0.02897025930067461	-0.18622439782896238	-0.08578622376365265	-0.13507386358736392	
-0.03575480647682441	0.09475531468505204	0.017006721470947176	-0.02415696071041852	0.009854104126518777	
0.09976524036822083	-0.0031588956566686085	0.01688726487723196	-0.05157607352433067	0.024936694024328784	
0.1843391497950512	-0.15634214035453878	0.2870638993572466	-0.011621893319643839	0.09495252692997305	
0.01324478461939967	-0.022815478213308694	-0.029283142419697167	-0.029813971843685644	0.038817348712931125	
0.005312256316269536	-0.08963439524292945	0.12464109445952952	0.09537314381536742	0.1513024336943071	
0.03318234253251424	-0.05921014504378002	-0.11593667789566638	-0.01615438143636639	0.034538561179052685	
0.10858627664959906	-0.000488151140149998	0.14171372296844856	-0.016504752709503537	-0.014716936674586456	
0.0074531517460999985	0.016349609894022114	0.023422947347950775	0.09301063843849919	0.09555065101692149	
-0.05322438399944405	0.12142563890731682	-0.10595266642251615	-0.09983223064205327	-0.10704920514001094	
0.08854347068547817	-0.15729588011704074	0.19823575355801962	0.1269234895569013	-0.009450747320378414	
-0.07311135574988727	-0.02501874760016094	-0.08671480993806857	0.054143466466406116	-0.04071089182609072	
0.0634528356439818	0.03589057754922013	0.04307488635470458	0.048703382117049984	0.050634565765245824	
0.09423097103249764	-0.060489342674655396	0.19592868463019797	0.03379299720313006	0.1143257643854826	
0.030641023049082453	-0.1019745012769555	0.03366330397454032	-0.004850646935457819	0.07470383417211382	
-0.02877136266906597	0.07329467988782014	0.02838796995164991	-0.05666980441404707	0.06808658743356659	
0.0242928019516624	-0.0723249925489388	-0.011220985434070692	0.03828685338448427	0.08549414442675074	
-0.1572164971822057	0.14831991351796223	-0.0988957378819439	0.04204779132625871	-0.03899134294814078	
0.07636165490088737	0.00917867802418685	0.038632708228905216	-0.036878696713095085	0.027345896574715582	
0.059336839777754134	0.06775215856717948	0.06348080266212143	0.046656014701037876	0.08415862584296409	
-0.1897009955109526	0.13998341392359373	-0.20975343633554275	-0.1367847633351665	-0.1806893606660068	
-0.016099294644319282	-0.03189286626207321	0.02787221461045007	-0.01036545832130741	0.10043914382657944	
0.056019198496800746	-0.07629354036687555	0.011278627013811562	-0.016143942891598755	0.08189141841012443	
0.09996639626273318	0.06919437616375129	0.06441977416814605	-0.027912460235393996	-0.021044932520943326	
0.03534917481622795	0.030796147900175486	0.01663629740187564	-0.010553703575512788	0.009101140991953884	
0.07297818074263783	0.022071618957491122	0.1067789423909879	0.04586987421275973	0.050244348165117046	
-0.008778094309860155	-0.07294794827089277	0.017374011882792386	0.15367463292850625	0.02449232262072766	
0.06237173954410796	0.07499232899117964	0.03768265047718866	0.013898882549075148	-0.06780571263687825	
0.012943602288208067	-0.041297640570949416	-0.029659034855805885	0.03356910778189226	-0.014561546568150768	
0.07883732429056839	0.0852993111605324	-0.052390848343686944	-0.08541997703829401	-0.06595042330423039	
-0.016757180985060127	0.06598985141274129	-0.0800444786161693	-0.062452897176789264	0.0494444414618362	
-0.01683025634649453	0.023337013431047243	-0.05326677215214999	-0.07960654811484053	0.00317140339370596	
0.0769710056920338	-0.11930734235793469	0.13247955521547328	0.06779543978743957	0.11852403749594541	
-0.047385894856811134	0.03201341776380714	-0.024816271466804388	0.01861158549617956	0.08293547416157065	
-0.10235812408513745	-0.029131261858476167	0.06564290182771298	0.06420566122836013	0.0010664887531855124	
0.08357667316002072	0.08544871158075285	0.07879476257210655	0.0785974418645162	-0.06844735574573008	
0.14697575009909594	-0.024451893201623776	0.17737895046587615	0.14530666615091378	0.040999582839813795	
0.13532746614642238	0.0012275125210129813	0.06264550295058126	0.011560606069785963	0.11825964755781274	
-0.00983194461156837	0.0546657441305238	0.018077351175709678	0.07144252836355099	0.12447175715996688	
-0.07259622174570003	-0.04848127332326828	0.03655568512272195	-0.014171386685746266	0.059970223852775256	
0.018945241798330584	0.10842671935453546	-0.00036398272355728375	0.00019626034461105364	-0.07973544846871689	
-0.06856408446157194	-0.06419724080670944	-0.11798003170204713	0.020354227188901355	-0.13514217556813848	
0.045947184034109155	0.037883263763944096	0.13123300905697188	0.09113384571034733	0.02367078217885366	
-0.07063508911543816	0.05688412273362528	0.01617758939977836	-0.10892294846836671	-0.11932456346655629	
-0.04756538324541762	0.05003448265959856	-0.008604934512861442	-0.088614112317781	0.0017032481220479179	
-0.07947392695105715	0.07484392053182587	-0.07088892914459818	-0.11069484866861883	-0.005535930801704973	
-0.026728138025875682	0.04669056696831966	-0.0390040082169544	-0.12688924028108342	-0.10863303633073806	
0.09188686421235048	0.060792178299729355	-0.09353538667528521	0.041877450246259024	-0.006999703687298783	
0.09528139148300117	-0.0612998755617506	-0.04053763114541378	-0.0804903078638285	-0.008550707938762144	
0.030654702858497557	-0.02155349517783694	0.19972752559380128	0.12204655323624777	0.17758714214012045	
-0.02923328257920353	0.06937198896074516	-0.010829706998012622	0.06671257141742142	0.028566843606479108	
-0.06106037193923291	-0.0888351067189829	-0.08282010837116029	-0.07888064737492026	0.0035207266318866854	
0.009186642826530752	-0.14908887890672232	0.16423494894980734	0.0433367341138175	0.14759390945629913	
-0.019072804379321462	-0.0011856914881736406	-0.014206218959131569	-0.016832381357752533	0.05068688674245896	
-0.02688377225405127	0.08774017465492726	-0.10245038381932445	0.05036958842598569	-0.08140874571963441	
0.002710847378010038	-0.08038163453166211	-0.01973872804386964	-0.11489765077932097	0.06701668289082806	
0.10006356030732798	0.05627625724550245	0.10421656031932518	-0.06257145145452372	-0.047579113006044726	
-0.02690475971165213	0.0032572054350278722	0.13550360673547684	0.12902889649995505	0.0918254667084635	
0.09879977421223264	0.05419893496201539	0.05074830183237659	-0.010647691234509798	-0.004310117367919934	
-0.0761085899332542	0.06252211760656576	-0.07064152531655138	-0.04714050345461987	0.06381783572670616	
-0.08815748693401941	0.14176638335397437	-0.10892260238244249	-0.03436063959474072	-0.09741422305713116	
0.04297868339001681	0.0002069081624499908	-0.06596530707897282	-0.028976431360319608	0.04006721399224301	
0.00945576832792486	-0.0207503784908528	0.21597895157445005	-0.020457771155156478	0.12271592564882433	
-0.06695420114617394	0.0928718488955146	-0.028221369616251605	0.012958615354624562	-0.045839905314104736	
-0.05563882126716397	0.010936862603701202	-0.20403122489860562	-0.042043331298807246	-0.12257383652696971	
0.0034535197002259627	0.08328117061077955	-0.014705042299720805	-0.05052079267952292	-0.025741247744189108	
0.04503967095971795	0.12340796286717495	0.043980147452392516	-0.008019055411027987	-0.11698367977964014	
-0.09905935381477929	-0.04405922983074764	-0.061046147748842094	-0.07866454201189826	0.0001513781406238386	
-0.047794164190917046	0.0869486456567615	-0.10341372138653974	0.01974543118556705	-0.08368007556204739	
0.07500647070024684	-0.07186217889675016	-0.006184295785883866	-0.013358995559021486	0.09987097803544492	
0.005788236148682955	0.000962274032360921	-0.05716042938630223	0.016219716099777747	0.10371825891410459	
0.06136263359308671	0.02191819742994022	0.09305474964121478	0.07920111695421429	0.017918725243307496	
-0.09182422448946295	-0.06889557745125173	-0.07862232819091418	-0.0032242103514498028	-0.011236274764456766	
0.05610214581470156	-0.035618435108816585	0.04584304653020985	0.027742917383762764	0.029442805656977714	
-0.027600669205780876	0.07337637733569641	-0.07663045587767686	-0.13504640884149222	-0.08472746120689996	
0.04125607531933846	0.02200080255163835	0.05166730402263725	0.021902078668026053	-0.02546647114758868	
-0.10043789383251404	0.05295811848037252	-0.032883085380437126	0.09655867260586622	-0.047986370386145914	
0.08618301309592397	-0.06318386912373453	0.21052797062028594	0.07911120592627896	0.05711312944232591	
-0.038344587762677476	0.012950507003756781	0.03180863603632718	0.05030465305019388	-0.0761942756108005	
-0.08608448669830149	-9.414427623110515e-05	0.07446210710106868	-0.09043468158244748	0.04575670876279092	
0.014721009936411003	0.013935051525170678	0.050511905745161255	0.006979527417490328	-0.11903042842130732	
0.015536307922815356	0.05144889172511399	0.11427978359562614	-0.023737974454119303	0.012830828861590813	
0.03407615665523057	-0.0508721011703932	0.03920012028641989	0.04805784989853524	-0.0006390945496031085	
0.08591472378649005	-0.0684990649661235	0.06872995296154098	-0.0311593409397322	0.07118863463528834	
-0.014452534132784758	0.061539681822441905	-0.02929302746640193	-0.057261352474083774	0.053456901684353325	
-0.002810351262818285	0.037051698126542736	0.09347711389272945	-0.030348219810860406	-0.017806547851819943	
-0.07620474585334722	-0.05887826014050813	-0.046362298287698125	-0.10541170419796356	-0.09518704821983953	
0.0349128047526821	0.05995530737947727	-0.08389409457432283	-0.05365953790284159	-0.05847486763923713	
0.08346671261632613	0.042262903627297344	0.010776922210282855	-0.039096402415875954	0.0669708095263597	
0.03874628287376849	0.06786391861604656	0.11307114605500218	0.03062098696513794	-0.01628502913147733	
0.21404237851221286	-0.1457678095217958	0.09203580135917833	0.07168427942096266	0.10507785101392803	
-0.07064970384714118	0.04586378387222467	-0.06225098662456281	0.028779128862332554	0.05086119011525975	
-0.06803927056837894	0.034715074262925874	0.033622546773258565	0.01737572422344575	0.004110642222139909	
0.0404190341630394	-0.003530341267735127	0.19504740672071744	0.04155233629156466	0.1474437921788131	
-0.0693365343263359	0.05945726683739157	-0.03555102334382826	-0.0077931252068976185	-0.018362903230330754	
-0.1424579570669958	0.1220602296438531	-0.10498735418479505	-0.03649372741153536	-0.06653139381284807	
-0.08652078455714667	-0.0457304237756751	-0.09964462605183193	-0.007653120349625996	-0.056580300559062255	
-0.15180506271422242	0.021506978066452905	-0.08153637156508808	-0.2353465438267561	-0.07229955830666618	
-0.010937494239279106	-0.02199663479494943	-0.022522120628795685	0.09636404797094823	-0.007506470664024284	
0.035704274447733185	0.02535961538633821	-0.029297522971124854	0.03299688769035101	-0.02245107684284702	
-0.016329239935481105	0.09998922451241295	-0.14494283177921397	0.020672724963144637	-0.14754263126111514	
0.09588018861255551	0.0033646543102577864	0.015716479270320098	0.07268130055697437	0.07696745700498538	
0.2022506783837264	-0.11368053356588181	0.041059117560116	0.16393817664203048	0.19119693631919643	
-0.03553045326758427	0.05625524885052374	-0.06450969144215647	-0.0012886069208768373	-0.10988749064609035	
0.04714059003045741	0.053140780921795916	0.013848121526704666	-0.025181705129269302	0.030828314210612627	
-0.09064063019944649	0.055068885668994975	0.09553319989119081	-0.04231021304972369	-0.059766296576438525	
-0.045315388242838664	-0.04423186546801889	0.09088979413460775	0.016545482152869682	-0.030505102892923946	
-0.12549758371532135	-0.0054813269899563035	-0.0498102372728917	-0.0752071753509149	-0.07092764421315247	
0.054389072364878305	0.025284454266355734	0.07038657497077512	0.015974496523301164	0.11161764057169642	
-0.04843145495357952	-0.014126181610303285	-0.022502805765161477	0.02856234651612213	0.0817868102065697	
-0.0006627660811284195	0.0485797549750094	0.003310283897422306	0.038511665987731605	-0.06310242911884881	
-0.013403698606470366	0.08186239773098733	0.021095800206186927	0.053354917447420436	0.0009401216191788631	
-0.02904044024192433	0.09063166992964124	-0.1243025338049547	-0.008539675502634835	0.0537627376713399	
0.03408637457298077	-0.07815845377306659	0.10740917442983679	-0.028589113903261368	0.073507630387855	
0.021160768570949492	0.07825027056755866	0.04283718356822302	0.07873389559443834	-0.08169357255582163	
0.07161936180919083	-0.058189138110411855	-0.06807523348977002	0.06514547371133841	-0.1252810762971324	
0.11194383927017955	0.04727277370518998	0.051357158314528806	-0.014018766816018866	0.1143194990037743	
-0.031161482552978067	-0.0517624721375854	0.046192389457812774	0.05438420378593828	-0.030263399832949154	
0.110054078363856	-0.020618357555282112	0.09117050556116539	0.008134931590602077	0.04411948455322753	
-0.08664315055542811	0.10936905743966993	-0.07471708281753126	-0.09469450111664973	-0.09237766056259392	
-0.022560183213781025	0.004801873670050927	0.11045887050662533	0.11346028616946885	0.0873346048387636	
0.06515084449268572	0.038160140667494256	0.06509555976594347	-0.013604874658019074	0.038529410803490934	
-0.03526302916559024	-0.044312015725102176	-0.02552765149327827	0.003989982919299705	-0.013451188852784913	
0.05408116176307452	0.04453855143659988	0.06360527483718406	0.14971401411187046	0.10921701554444396	
-0.024981796321217803	0.07149689981671933	0.02391734787371476	-0.04959338397383213	0.05857113559537752	
-0.012215972214441935	-0.0258136858481512	-0.03351752193481267	0.040882220986361184	-0.049417357606131924	
-0.03365369732307962	0.03293799101821718	-0.08109694154946348	-0.1301507170075953	-0.045552984406394596	
0.12054189261315627	-0.08891314848289184	0.0742622396946029	0.11005403080225597	0.03282212848587503	
0.14833622437825394	-0.08726718108186401	0.10504242057286098	0.07924625622018766	0.005410320382033407	
-0.042278113523131794	-0.05508272877780813	0.1631778589513875	0.006037858334233014	0.11179268239932474	
-0.06505273743451852	-0.031609432739509516	-0.07108045583238065	0.043354162829275206	0.03986152473936283	
0.09020054228781593	-0.08482283563281307	0.10767823436207623	-0.02018839086915345	0.0351545973507981	
0.03756677123203199	-0.07254339980273622	-0.005879833729961296	0.06935706661749455	0.10411231965048251	
0.08688546896744365	-0.013665288109788886	0.017292601239669546	-0.028375218609750428	0.06486726110684596	
0.13935432320557217	-0.10676185500912362	0.07603843615233162	0.028083737421278586	0.06095760048296431	
-0.010102595684285995	-0.07147351773094324	0.029052048158093202	0.1092000708848487	0.11817726891435988	
0.21544572830151207	-0.09469035036567398	0.23134112205891677	0.17220829713468072	0.2241223942631212	
0.21766119423727462	-0.03311057993745345	0.22445307557198546	0.03220816607539758	0.16316828544569895	
0.1270265567350997	0.07022083596586372	0.06888272736370812	-0.05277113813042866	0.05508745665126971	
0.02376023670720135	-0.01091804419378809	-0.00010841368450510077	0.027766147236856796	0.08214654488898299	
-0.04098744425965178	0.09732830679396946	-0.03392942023474799	-0.14685490343089677	0.008746649926026081	
-0.02764900236322123	-0.10381633716239348	0.06773459895917881	-0.03734920627639055	0.08657909262206044	
-0.0262443774256743	-0.08834855958753954	-0.002536282377589216	0.08531089129783845	0.09817600795183776	
0.037632854668558154	-0.10529184125555419	0.13230268662494227	0.00947129331809389	0.12087940778409091	
0.061927355066002804	-0.03241868148281733	-0.008870502524723524	0.07365016764221051	0.03718475784814561	
-1.004618103489641	0.61514963056804	-1.2496682241267612	-0.7348905479454049	-0.8859939134199726	
0.02444018656171317	0.021821913585747744	0.07989380352640245	0.11404147399266588	0.02184870257773069	
0.09088910134445694	0.06865496324229918	0.13514129328093213	0.12431754509994193	0.17285532710382462	
-1.2587983017718052	1.1368813129222772	-1.6345903525658416	-0.8408005033034439	-1.250926728944076	
0.8653404481649363	
