            A        R        N        D        C        Q        E        G        H        I        L        K        M        F        P        S        T        W        Y        V
 1 A  -0.0113   0.0694  -0.0257  -0.0446  -0.0528  -0.0542  -0.0325  -0.0095    0.001  -0.0246  -0.0211  -0.0103  -0.0326  -0.0235  -0.0165   0.0149  -0.0281   0.0239   0.0463  -0.0111
 2 A    0.018   0.2523  -0.0419  -0.0935   -0.013   0.1215   0.0021  -0.0225    0.031   0.0032   0.0149   0.1097   0.0813  -0.0449  -0.0091    0.027   0.0098    0.001  -0.0223  -0.0016
 3 A   0.0281  -0.0103  -0.0125  -0.0122  -0.0178   0.0081   0.0031  -0.0357  -0.0129    0.019   0.0218  -0.0151    0.003   0.0228  -0.0214  -0.0053  -0.0363   0.0073    0.069   0.0011
 4 A   0.0072   0.0132   0.0164    -0.01   0.0355   0.0054  -0.0001   0.0494  -0.0274   0.0215   0.0255   0.0153   0.0226   0.0318     -0.0   0.0303   0.0042   0.0148    0.022   0.0001
 5 A    0.043   0.0124   0.0234   0.0223  -0.0005   0.0206  -0.0184   0.0223   0.0481   0.0324   0.0355   0.0448    0.029   0.0213   0.0211   0.0117   0.0254   0.0483   0.0107   0.0167
 6 A   0.0439   0.0341   0.0437   -0.013   0.0142   0.0013   0.0412   0.0262   0.0434   0.0338   0.0315   0.0313   0.0114   0.0273   0.0104   0.0414   0.0312   0.0162   0.0048    0.041
 7 A     0.03   0.0254  -0.0092  -0.0201  -0.0342   0.0095  -0.0139  -0.0004   0.0137   0.0202   0.0204   0.0301  -0.0134  -0.0072   0.0065   0.0151   -0.013   0.0255   0.0665   -0.006
 8 A  -0.0057  -0.0234  -0.0177  -0.0298   0.0086  -0.0152  -0.0293   0.0212  -0.0016   -0.025   0.0206   0.0123  -0.0294  -0.0088   0.0268   0.0208  -0.0004  -0.0168  -0.0509   0.0078
 9 A  -0.0252   0.0483  -0.0502  -0.0032  -0.0269   0.0056   0.0205  -0.0242   0.0292   -0.014   0.0028    0.074  -0.0082   0.0413  -0.0125  -0.0061   0.0055  -0.0149   0.0192  -0.0005
