TESTRUNID EPOCH: 92 L_PCC: 0.8553892410735654 L_ERR: 0.008814973973810118 T_PCC: 0.8454481460270595 T_ERR: 0.009455451099514112
180 LAYER: 1
5 LAYER: 2
1 LAYER: 3
92 :ILEARN
-0.018234913568890718	0.12723672630049448	-0.0542904343189034	-0.05646903170284233	0.028169420531168547	
-0.1995275734290151	0.009171108048209458	-0.34964278425380785	-0.22828932155325665	-0.6046434787904882	
0.0417693898673233	-0.024772462227239576	0.16691018065025076	0.18264789171947268	0.2965300796397774	
0.16297381399658262	-0.1577262366104639	0.432875670469935	0.15120992836747038	0.5592249277786906	
0.06261719940044386	0.09391500750360389	-0.025408658263480505	0.033556150795291825	0.1011978573360676	
0.10103244055067111	-0.1260342160939991	-0.10338645523342073	-0.06491636634592328	0.362470333681061	
0.022074632559108232	-0.07145770444433186	0.388913543882569	0.16137146580972322	0.4586569946936453	
-0.031343965687067946	0.06670802606550474	0.10034708805800145	-0.07014939532171398	0.1096827090250974	
0.05202473290186678	0.14079726356899475	-0.1830120010546208	-0.014962174800355466	-0.3186593762407277	
-0.04380142634419416	0.14492750435523705	-0.07073152298823386	-0.09578746517621567	-0.03453981758816049	
-0.12433496271058005	0.05962039979227066	-0.025510295089901176	-0.06350734495728322	0.09884508254420601	
-0.3106358833853809	0.10876458079220253	-0.5230046142802075	-0.27690634191626035	-0.5419171849105614	
-0.14869470929695267	0.0803735911091183	-0.17071605747741297	-0.13310444244973063	-0.4501274549631207	
0.03289176483376059	0.05657100232799148	0.11974845965043061	0.10841216710324206	0.3015419980772239	
0.19759824264494016	-0.28200286294105414	0.3251364264404303	0.2645073732900262	0.7555857089587771	
-0.10384896310928078	0.10491840212482804	-0.04472298079960676	-0.0027725741730344564	-0.10724269266617786	
0.03233943168983029	0.06575925492649055	0.018448033858257717	-0.07805206856884113	-0.0900647375053742	
0.09631518983328385	-0.007463803099598952	0.12587741064048413	0.06240896104003808	0.06789393846215222	
-0.04595228319858909	0.0823451964873111	0.10625261515777493	0.09233459332894618	0.024837215445289534	
-0.07850939134743122	0.11192589255269886	-0.016550683219884	-0.12907217386284034	-0.005667863555529241	
-0.0896634983202022	0.1044526192113636	-0.01553424751621398	-0.1227348834549545	-0.0547679972517938	
0.17792859974424605	-0.33379305743369375	0.6068686522465621	0.30806527479429563	0.8795263614354869	
-0.047277469775370444	-0.09951990302186393	0.15069360480144647	0.07699938504073367	0.024327133518605326	
0.08227471975968757	-0.022790997686934718	0.20358576601370282	0.10921903868821718	0.11345220938571687	
0.0035661401476285576	-0.252194195293125	0.24804774270850213	0.13035947273952045	0.6695609586861815	
-0.046665445128771604	0.0938114600432176	-0.15232013886872658	-0.18222219297894057	-0.338023102297138	
0.11782303837498274	-0.05416110239678321	0.37054956099294306	0.09537073957499634	0.6473143505241538	
-0.03103003180435618	0.039655900137826425	0.09158599286779258	0.10892291330509349	0.2232390427900864	
0.12104070080777209	-0.23364994388161422	0.30005031331518756	0.13169200483575047	0.5670407595851161	
-0.1260250453690058	0.06431659397896199	6.634366005283808e-05	-0.017951855037132675	-0.011616533138314225	
-0.13680189985354788	0.1735789272865095	-0.0439791037067483	-0.17068174185944557	-0.07279980068965607	
0.07662418656059353	-0.10936603201655967	0.12122788792127949	0.14985909239625178	0.2333061122175488	
-0.16878112551695695	0.16245596432779996	-0.35006358681521543	-0.1503821615291162	-0.5863689571273913	
-0.20823457575336415	0.10762141046774384	-0.28710584813925527	-0.18309903533353844	-0.5759204930531068	
0.09568268807104884	0.019612463369748843	0.42855616879773034	0.19676627105636324	0.6963736976725545	
-0.04898025791294497	0.14934168928935865	-0.20271777917863723	-0.22044619492694775	-0.15781868564285642	
-0.07657850667239005	-0.04386196559165448	-0.20937702248210827	-0.24458849713076466	-0.4804688917477367	
0.07278032544303949	-0.08637981798640873	0.0760372728756042	0.02987519706409444	0.16095792161267625	
-0.13224499299619166	0.08180841586807275	-0.2820737065674294	-0.12154357417694323	-0.3910476443667534	
-0.012689407211811917	0.001128980483009484	-0.21591053674770902	-0.11067717247672636	-0.25075309515765	
0.16379384026733887	-0.02696078810536163	0.2585736172783518	0.1141112536827275	0.31069187277878557	
-0.04805107689568098	0.08087212741904894	-0.11108190448413789	0.02548609076853549	-0.12236386777680831	
-0.05293137402786001	0.13625069894716121	-0.09671730634059009	-0.1137708668183607	-0.1445027726955708	
0.14480558276447872	-0.1676586834994116	0.5356055530017406	0.2826959809433139	0.8122307320162915	
-0.09921776388462444	-0.016810770788505913	-0.14589254066816093	0.004211131450222496	-0.1009029084028702	
0.07852856207492638	0.011092274434955798	0.0757754805790108	0.05150483855160944	-0.07044128215918642	
0.05406403597403277	-0.0661911264649537	0.28486044973714736	0.07064201387523134	0.36005167094477386	
0.07550106082487636	-0.15233774954302268	0.24029240782915715	0.07718858240574833	0.38949449988100276	
-0.07494518774101554	0.12423618853411104	-0.11018642578858476	-0.13495557774531083	-0.15131044913172356	
-0.025091620738525566	-0.06525299760298317	-0.02229351089517725	-0.03187281917659996	0.06734834641275846	
-0.15510430807797027	0.10481876498384858	-0.0894598027066456	0.06638330657247629	-0.027371284277188195	
-0.024960800233739144	0.09055963424508742	-0.11870030035919558	-0.1630274059313196	-0.32096287211565344	
0.00552854602666169	0.0926509743070251	-0.0637875691582109	-0.009599127826899456	-0.09322375235629529	
-0.10332316921905457	0.07977381437022388	-0.16507744697884175	-0.14189088146267884	-0.1807258187173148	
0.09011538235502074	-0.1315843504979071	0.3801258043902314	0.16429133091725504	0.7010619278071429	
0.057896877925950226	-0.038922546619225784	0.06704656729177058	0.01968488629988827	0.25870132234478793	
0.055077758397227373	0.061632808058208054	0.05251625881345368	-0.05008894692353582	0.1338288571458735	
-0.008551214481850119	0.1384447229226879	-0.2125716998889759	-0.13571194913172455	-0.34478479585763366	
-0.0442676933816913	0.08685773891225317	-0.082656240923094	-0.10470920992070855	-0.15386418719665446	
-0.05472457512307494	-0.03425508315934273	0.08870377111611139	0.16959400491198315	0.13920159590265282	
0.05493095708436144	0.04786857396171124	0.06882653712624798	0.026342069859063386	-0.023806344466518754	
-0.04315384850782519	0.027253170985593413	-0.08561538605761455	-0.028175334528997044	-0.08491331099341289	
0.04747158479151539	0.08279101386712241	-0.011162183347393249	-0.09939999041924355	-0.05886039941371934	
-0.0027171252544602228	0.08103629997178448	-0.04733048125629426	-0.06514305259579896	0.1818821347975993	
-0.012460563523848075	0.000438210604801273	-0.017224210152284175	-0.06445070663042499	0.12573761485954543	
0.0789760429150549	-0.15498412259070685	0.3376674412964419	0.1628506537480112	0.5495485870038361	
-0.0296653749121142	-0.002109801123964519	0.07133614583851317	0.06393671934287955	0.18673789470377497	
-0.023855777954955512	-0.017745382376248172	0.28157356983067294	0.1702229748920801	0.35800980917441017	
0.06665139677363258	0.06213148293840664	0.06382597517853239	0.046673757363887305	-0.10573121943345527	
0.0001317597048944338	0.061592431977476755	-0.028059948548510148	0.02097062547651125	-0.1678025699050137	
0.07750949589590382	0.05608781603854674	0.060302555146898834	0.009706669598221484	0.24089970101356722	
-0.06380366843296215	0.11648108077666793	-0.019700763340446088	0.030531361654078368	0.0629726855195075	
-0.09402146262924477	-0.015403175106238174	-0.08523547816214846	-0.07912832422926862	-0.1393393855977085	
-0.012114919532927884	0.12772922191498287	-0.06384867827445968	-0.06650327276642283	-0.05625944900606362	
-0.026692617969773767	-0.04921068194462035	-0.029005704829375173	0.024765670693595837	0.0032870434652114027	
-0.07921359515154477	0.09312389750944217	-0.020722969241955626	0.005796348934805688	-0.15897132406137868	
-0.007740367641141611	0.04585668000869159	0.11473048392850728	-0.06086076375457331	0.04385810691135217	
-0.06982820234978335	0.04338560417026596	-0.025324212068460267	-0.11171221917597385	-0.12225719383557898	
-0.05522700954553984	0.05379075445007313	-0.015027285527429783	-0.08170238001307184	0.0621890748472314	
0.04182590997924108	-0.017557953330385137	-0.0036445902970594093	-0.07126655878535387	0.07024124651454737	
0.15085326406047359	0.00045394028042836473	0.1025684079588063	0.13831621055799626	0.30650425694933264	
0.046520894380370846	0.0014352615664783958	-0.14293143053963814	-0.14345665912897684	-0.21680589556312196	
-0.07066275984363717	0.02088859920051158	0.14963479120942616	0.04558546779568227	0.25968781163149535	
0.042796964824243416	-0.011548999281580978	0.24925329074236122	0.2100549779410356	0.5515671964714461	
-0.09732054308207884	-0.025580209593258955	-0.21783423406398103	-0.1509915214742908	-0.20628712594850993	
-0.06672261668001792	-0.11869962930601476	0.13890633084712162	0.009122288442063852	0.21173522808863196	
0.10895284349594718	-0.12940269852692582	0.3979087273968438	0.19436199387117817	0.6448442810740481	
0.004525895881016305	0.08777320644911706	-0.0008536524132649257	0.09836617133154668	0.07500929431816271	
-0.02610152303600764	-0.0190960542657562	-0.09842371548300013	-0.16534749305151275	-0.1603280681505562	
-0.008080973717180747	0.1569094016044521	-0.1419419531225408	-0.22962377391727698	-0.16514205165296264	
-0.12339623112625706	0.07638007534507919	-0.0304535049565525	-0.01854639766496557	-0.010582758669418517	
0.04344111999394283	0.06863101853839836	0.024431425571392915	-0.05294784928395746	-0.09564308471445164	
-0.08850092337903447	0.06061262151625118	-0.07066647350008727	-0.030011689925312005	0.0028545493855516527	
-0.07031104413221555	0.14684004611169102	-0.09962657306499388	-0.060880424289067994	0.001668113530669093	
0.08260586487341452	0.008533636710626985	-0.016883136846464326	0.018755560904245683	0.10059079308452744	
-0.13473534202245463	0.06786179441682534	0.06738309610056484	-0.13521492183805664	0.126126354013516	
-0.04315404599949419	0.07730155953054203	0.08247471391833541	0.037284885276019725	0.11109339336104773	
0.042097679675283994	-0.03684905834036244	-0.05734616090159143	0.0396645857030821	0.00457008876732891	
-0.03320125024529693	0.11138173802365828	-0.056557188175128975	-0.10535220376044374	-0.1909524814911393	
0.0637229327064639	0.05139349062088483	0.045454196888171886	0.06490650166622328	-0.10617073307192224	
-0.007201472420902082	-0.13438744059825614	0.25134940063392036	0.08434873011514384	0.42741866727636196	
-0.0807069272186252	0.06200530308379095	-0.2373356437638632	-0.08543581771923883	-0.3021372482796646	
-0.005825646294894217	-0.011642898014730951	-0.03980101060899275	-0.05724547979846017	0.08759699671239285	
0.05260456322014319	0.0307843837837711	0.11327612877876808	0.08142765269984541	0.356950783154023	
0.07144233882505677	0.019730322384058266	0.13449232768647676	0.09565921805627023	0.08796745005315851	
-0.08027700507457823	-0.08408711622802516	-0.01914814088659575	0.007704758559175808	0.10277125711703923	
0.15583985197267497	-0.1380916862294501	0.3204198438359708	0.17334261322544742	0.4688388001001735	
0.10616202287402478	0.018161266806546027	0.20419148872515375	0.018960153327465472	0.3140270795048312	
-0.05410412540883697	0.09549248871908704	-0.10085433545487037	-0.08858249825588095	-0.28905254813258585	
-0.1507747147952263	0.10084109383486416	-0.17801168365089978	-0.004067625869716567	-0.19458784774895793	
-0.07840954919837378	0.024287963083055288	0.07244237719532698	-0.020747253587170424	-0.07181533223548006	
-0.05856151412564177	0.011928526711379906	0.019798729621733416	0.017146365041041087	-0.02714913523515893	
-0.09286835787310875	0.028255493692738016	0.05453777511872831	-0.10047241240644039	0.08135234097902667	
-0.05228311219084408	0.08813865510025384	-0.1133836311773133	-0.08106344536317274	-0.4454603058205107	
0.016046577211676162	0.06503295014074993	0.13275822135390505	0.05979115078989613	0.1264197070914739	
-0.007991244308748596	-0.017812146873383422	0.0961791797048232	0.027779296880416245	0.14821568045253608	
0.045093733378397345	-0.0716612245179966	0.0074065607332325645	-0.07721751834353531	-0.0665159166327342	
-0.012069667227319954	0.059295343482872694	-0.08433149242198465	-0.07236681230121768	0.09265747192619245	
-0.07909565464199252	0.03472646210516094	-0.047257752251413945	-0.12956597552556984	-0.1454721361400648	
-0.05185346385761831	-0.03618554792232609	0.06195070846331506	-0.07866540567770099	0.1858103455253102	
0.018031577222507145	0.039137625127723695	-0.07088970109093114	-0.04382918455849285	-0.1491327232765064	
0.08215586970823645	0.08036132165422044	-0.015141671883852018	-0.05625350695244165	0.19415126151513745	
0.015053643463806232	0.07939318494673761	0.22623311022377646	0.07348276231903188	0.14881554607118447	
0.19897575484449262	-0.17377359594562072	0.3309486049217559	0.18803773205558683	0.49060350689962734	
-0.08224486653870573	0.049130301540066534	-0.07908331371234807	0.011129988374727246	0.045025764891067424	
-0.03339705177471577	-0.03148166933491905	0.12930570457046794	0.06574196720304669	0.12632655045594546	
0.010494906018910875	-0.01313330274632212	0.25038852137710677	0.06611566975183446	0.3217631400444137	
-0.04034863327070942	0.04489615007612719	0.07450718466235952	0.04521577542740417	0.17993359286749155	
-0.13460378257532776	0.15482822417283418	-0.16963504728446901	-0.07689086949760567	-0.2529963044582923	
-0.1098804762708643	-0.010217759354859905	-0.10088485704757083	-0.031363863017124224	0.046366405190855914	
-0.03546181818000648	-0.07594130134700433	0.05176974648640434	-0.13614145567427763	0.29763100756078564	
0.0499130330331204	-0.11585631531562034	0.30067859594325447	0.2661369027327776	0.5571388771814911	
0.00568639445551407	0.07146233557387541	-0.03562012748191333	0.011400221188599062	0.04301452276014032	
-0.10839638185301671	0.12698296932670272	-0.3979235339559184	-0.17078223922574073	-0.49792580491889565	
0.1259224523119736	-0.021931140542294853	0.14615173835038955	0.12062591614708318	0.2624523810112904	
0.03475964537205269	0.04369405732006154	-0.16065326379597966	0.004121974516761866	0.05486370498983183	
0.05345233435544197	0.027547298717028712	0.09206148692373949	0.07227197413644784	-0.06785483425159096	
-0.01381404794360475	0.1487174793340638	-0.15683961677412753	-0.12961318298699723	-0.2711850785110707	
-0.20339162815479248	0.09511737499114144	-0.20148852776388718	-0.21114028092643952	-0.4679835272792515	
-0.0840736276809437	0.024677833186916003	0.025291030380296012	-0.030324252607869303	-0.045402309704365616	
-0.07839690909896505	0.027776915147596302	0.028622752530915556	-0.04432014094719482	-0.16203477292807217	
-0.018715184679602526	0.07961281627390722	0.05854279983440693	-0.018980333883964844	0.20170676882699226	
-0.09211308864393361	0.05568038121095038	-0.13314337963471262	-0.014163119673052157	-0.052215826739547284	
0.11505067385834518	-0.0428302550747475	0.44527887352452816	0.25636199223290973	0.6778414887797817	
0.0338050841730948	-0.005123136028493637	0.1712304708284009	0.13863564188318847	0.2498171097274141	
-0.011883007385627564	0.08830916456233752	-0.030210798990306487	0.019560319091456623	0.12746232718309083	
-0.0068326425969852415	-0.003969604752652939	0.05025640288149924	-0.05701998648890456	-0.0051396477033414335	
0.06054058051845889	0.008274489427771196	0.22403159960535732	0.1778192718279049	0.25894106382888943	
0.10136337525646956	-0.0714713791133919	-0.028250903352539766	0.0853483933181078	-0.11750717964404202	
0.07663929233297237	0.08338298662386338	0.08220861048174444	-0.03104860182100107	0.32641007933324406	
-0.084174092650374	0.017767884414600612	-0.04171722132447804	-0.051893577351418856	-0.0717836203188709	
0.06435335869650753	-0.06611182260786194	0.01984869381243754	-0.001822981105831116	0.07688673080203495	
-0.017398658962064724	0.02903247898528542	0.111531466609702	0.014022110909188569	0.22062776145165947	
-0.20176883066536225	0.0905595016567654	-0.2619888755541431	-0.11646230128875577	-0.5349199713195606	
0.002990632505787938	0.043301235488840906	-0.039980415388624575	-0.09815231418779703	-0.15193938422345718	
-0.030185239439312866	-0.09579405029287137	0.0917267401489005	0.030880536821076054	0.23137209706947945	
-0.029298108904360878	0.2024773131764105	-0.08897756362765782	0.06590116911023987	-0.012734237572587688	
0.0028541502828232966	0.030245876788375394	0.11774631675398485	-0.006063928105293215	0.2169201069344679	
-0.13912067561324323	0.08242962637205349	-0.3054858179788007	-0.15844981197697197	-0.5614311408690775	
0.05509240839394373	-0.007141410966185333	0.012728514813833497	-0.06014815646896729	0.29170083274247566	
0.16476180537905938	-0.17693144934214639	0.3330455160399129	0.2530406683392302	0.4942912985099156	
-0.488017349084833	0.13668644403921482	-1.0956212342233624	-0.8624900584959635	-1.5715188050128808	
-0.08160133848431383	-0.05382908220157751	0.1585748434979073	0.00482909900705838	0.16862130509726117	
-0.04331355930956408	-0.06635553016383335	0.008857779091878638	0.0851069849293898	0.17077790223352182	
0.09420537682656602	-0.15322474991913426	0.25531592142643783	0.06138590406354892	0.32874938127157316	
0.008024704300723143	-0.08000426213408192	0.03569092496623781	0.09204328124376486	0.23343436444244714	
0.047275098569107214	0.017075638226236804	0.009928035052304104	-0.02891338532953281	0.12246054737645665	
0.15725997813099296	-0.2329943696350815	0.32357071322019654	0.15641672719679667	0.5444777485406226	
-0.08676628908325687	0.047645872318753425	-0.14917943430041997	0.011627868365893707	-0.06622856579457499	
0.08068266913928626	-0.049075677816368526	0.2134713932715204	0.16278930138480355	0.3492958483591367	
0.1374276447262196	0.1401182012486495	0.12532014568118324	-0.013884581712648216	0.19119765798671146	
-0.20553958231943123	0.23727117661352	-0.5032841031943549	-0.42924769765650145	-0.7892107730033251	
0.014324874825128195	0.03582360656419442	-0.03253230642433155	0.01170850744240681	0.052204560711869005	
0.06967370758751844	0.11314399449995977	0.07056525136006367	-0.0835339007266666	0.03507189536187336	
-0.06541889802818435	-0.09960695575643536	0.07371680184982862	-0.0315357474208353	0.16798923024696324	
-0.06806815656184013	-0.058355133709485786	-0.013716372253747116	0.08163380129152277	0.13546605475001172	
0.020045200356337896	-0.12101181884089789	0.21178023552982703	0.0545723830049806	0.33911245742160695	
0.09185865193150279	-0.1000764113717624	0.22954725346159258	0.20604488925047695	0.4794536502642527	
0.017849188708089173	0.24229771406473638	-0.019380181510512087	0.007410367001247416	0.2285739147589287	
-0.006983895711871788	0.11687450669538026	0.0361196888962227	0.0941097582462821	-0.020776775460266246	
-0.1652780275398194	0.24033977106121437	0.4018534439938228	0.017871499979893835	1.1811971351148745	
-0.5027808474588753	1.6187869879411996	-2.198245720910113	-1.1439773805549165	-3.8216879817118747	
2.1555303992268255	
