TESTRUNID EPOCH: 99 L_PCC: 0.7885104182497229 L_ERR: 0.005131827826947089 T_PCC: 0.5848213730140212 T_ERR: 0.00945552891908895
180 LAYER: 1
5 LAYER: 2
1 LAYER: 3
99 :ILEARN
0.10298918052358295	0.11289155220058887	0.03125112648753791	0.05160965262529288	0.04507178509307514	
0.0784894313596823	0.03924019715521095	0.15323955672595818	0.10160927309832611	0.16533456528485252	
0.010326604479732273	0.052345942740697815	-0.026747240700916285	0.09418060652888947	-0.06739224326478337	
-0.09739352528198768	-0.10326536249364275	-0.13925072270446695	-0.17351440185314754	-0.179974170902048	
0.07720384836792658	0.10477468870906814	-0.01641836597394489	0.051528852633273906	0.09347937411942306	
0.09812424050238303	-0.07484084259579113	-0.06862472777783483	-0.05285088207381886	0.08944940380176178	
-0.5281514570998229	-0.3678785116488667	-0.4491891601220725	-0.3886888590754315	-0.4479325255468935	
0.07330904135223533	0.10962341597959219	0.1936223981017196	-0.01121294514953938	0.1582613829833313	
0.1623018434385472	0.08917195934247098	0.02816853938986783	0.10644341357997444	-0.018372627323404583	
0.0916644044782198	0.1444202713168657	0.07726034781050733	0.03252100458150352	0.023956277363097866	
-0.07457686808591697	0.04288324926382654	-0.041494995022180174	-0.03612424904350125	0.013977844276858803	
0.03056595143233006	0.09079501973541491	0.06655521520168861	0.10804038782176736	0.15257061529104496	
-0.10038832217100921	-0.03102097427582466	0.0165256403230837	-0.032345013763968616	-0.11036112498520222	
-0.10933058954113893	-0.06442017830863797	-0.11996838493015403	-0.02440727283140077	-0.10345278842821112	
0.1804813209199545	-0.010375524366536402	0.03607083035331595	0.1346264186903175	0.07211127433782868	
-0.14878607729466264	0.01822383818117027	-0.09921033366973987	-0.01699893500780329	-0.04380287247197542	
0.07972771154136457	0.02281623840848335	0.0586924257229434	-0.029387522364547853	-0.03383512327110884	
0.1401933847563614	0.02452297151537978	0.16062509792195054	0.07781347109921538	0.08338165287036382	
-0.24306938494251398	-0.050946175684479025	-0.16849840045270695	-0.1388990546175104	-0.18568034606251332	
0.11192861720544896	0.1859132835488413	0.20012020691753712	0.02446538029124141	0.1830090255517854	
-0.020206318504950863	0.011994199367430021	0.09214763712861407	-0.016771718098335716	0.09129355559072379	
0.15732933156268916	-0.012231970645096502	0.23556679798282673	0.1383146331749205	0.2293852142621894	
-0.08968554426089011	-0.0864024943025934	0.06506423186555198	0.02295722546217662	-0.1085056041129005	
0.06176928005127173	0.057708442108667435	0.09659849944319729	0.050316400112258165	-0.06479003345932265	
-0.10244021386298917	-0.09981607777238813	-0.10097858350353257	-0.05598093971718814	0.06563213846490301	
0.14761044818463712	0.09478596166042116	0.2252616871899943	0.030068979239037716	0.0880936149699917	
0.135955916172561	0.17138805417894562	0.1398684914821808	-0.005433547420175527	0.1775567493313102	
-0.0637590900380202	0.04173874856731473	-0.034632102316814996	0.048399692883260306	0.026272011078714748	
0.14510434956092508	0.013054686628725196	0.059857884178682756	0.021902682227231577	0.03637405354737483	
-0.3014124858591338	-0.22590558280741196	-0.23213423568768612	-0.18318840670778253	-0.33933529720146166	
-0.04576792687483277	0.11355847681995607	0.052089483285520856	-0.031082427901264205	-0.01186880146500045	
0.1050751375379487	-0.024697418546807834	0.08059544297795213	0.13710073779829546	0.12446661554681106	
0.011070858695867323	0.042885553485892146	0.1003154221018375	0.12035572477045613	0.0001966675163958957	
-0.06580992738406455	-0.06913187781409012	0.03188734719857981	0.037511478971725125	0.03344115225516004	
0.10111533538488675	0.18713362196115937	0.1697822032074761	0.08043597669329285	0.14511190485863595	
0.0354246764152912	0.006664674518245027	-0.056380107348493205	-0.10550055118622206	-0.0482038832058908	
-0.29175314193790086	-0.3020926880303172	-0.2952275959446438	-0.3442263455520254	-0.35602872059472035	
0.0909650642108298	-0.042442498999993784	0.060589256558913854	0.025446951447094968	0.11344210322520713	
0.13831679419552817	0.03432616708574317	0.25648095633091533	0.19490782316166932	0.2612636629609432	
-0.28729781091528006	-0.39915218012326353	-0.4333692681788721	-0.31678279422440175	-0.2902580378490612	
-0.03841710740960566	-0.07678296273582766	-0.055863016782911216	-0.0669910353610499	-0.14850151996083577	
-0.020444742931877886	0.0009233671562029297	-0.010689139014812292	0.06431497679195365	0.06372300939757661	
-0.026888885779355682	0.08136181772882839	-0.07712653998988672	-0.08147665982798914	-0.08340467493798079	
0.3542417192422232	0.1297002783072335	0.4890679585782823	0.33072421319601064	0.24179001887793958	
-0.1002957070815854	-0.05734723539858778	-0.1156718525902595	0.034881248523839566	-0.06538882473957776	
0.13182110172742306	0.045394571678199505	0.1263238491154589	0.10275391098879709	0.12447128127956095	
0.017054301960623235	0.022455988999987526	0.08742359500904488	-0.02507322998230055	0.02185790044674929	
0.1454953317099184	-0.014290562718502597	0.16105889661351735	0.08286224274617403	0.1842756647061278	
-0.010508195553899832	0.09426854774687567	0.04403133697688389	-0.044190471662815756	0.08239314533530172	
-0.4987745692895847	-0.5034902190487575	-0.5803074923456659	-0.4294365540643794	-0.4502149498538043	
0.10898797710646274	0.23179529294108478	0.21435848944879463	0.2536418721879355	0.2257845028388342	
0.004746740803873446	-0.03338788540579349	-0.04363157513835045	-0.09530108382206957	-0.05368712476692525	
0.11877714441408092	0.11537669308721252	0.1280123670140223	0.09195507692028088	0.13950010406855043	
-0.1771451913409231	-0.08436641377577984	-0.16431471245635862	-0.15537641588057652	-0.15710844772476798	
-0.07773528125325797	-0.09390226985773412	-0.055370237939658944	-0.06960803170733218	0.021334189162403733	
0.14016699811662658	0.004608819197977231	0.10785541255802614	0.04482541861925043	0.15750869740832474	
0.14296287092007132	0.12344510631120098	0.10845275309165463	0.004230828400346797	0.014747849638645878	
0.06141582286998364	9.034930956730439e-05	0.050792107697467954	0.008362652148691146	0.038473293419586156	
0.12269944359122581	0.130046593191669	0.14694221108780872	0.08319618534647077	0.08479104137300829	
-0.1251603192767115	-0.05738583767559579	-0.1210731373142593	0.0618209864238291	-0.1021626026572847	
0.13913122367815145	0.12486654250813488	0.12541216570620986	0.0724417866394528	0.00555425845634958	
0.06737219385358255	0.018630657655627627	0.0321970334892804	0.07782494658955089	0.03930385793443523	
-0.03701165198980939	-0.010411535684681028	-0.17892834875415978	-0.1770950821420744	-0.17942395999511776	
-0.11345824848113457	-0.049714690624017864	-0.19370987976626297	-0.14718869332383952	-0.04994282298055313	
0.035073498838277345	0.05488061513401481	0.0027580872611710125	-0.04407300618396015	0.049386771678464364	
0.07610854403292389	-0.023941225297256723	0.10929879641710454	0.06451522364606024	0.10514108289231593	
-0.2218813032260945	-0.07121165893195747	-0.21931306254346128	-0.12543709432205552	-0.10844933273111491	
-0.17977916686395426	-0.11489745229294582	-0.0295424499534815	-0.02142614763014785	-0.08121142941121094	
0.0893270432590472	0.10022501646010001	0.08322825693901094	0.08268331398358902	-0.0650462354133378	
0.064838210483353	0.06240711304932778	0.06240343562560801	0.08572937186752426	-0.060003378388738725	
0.06395294215875058	0.047783227812932594	-0.03302399424753045	-0.04160207746045263	0.028481527985115215	
-0.1806117685356559	-0.07060650908722049	-0.1374431392607763	-0.08756190195181868	-0.04595099217481613	
-0.013408686512722829	-0.05430956212993477	0.1103040897903837	0.02832193147291264	0.12087998853805591	
-0.06337173683980094	0.030105698630917246	-0.09459196916797011	-0.06634777074731037	-0.16521182078272753	
0.10990968692820471	-0.017086321456937687	0.08547105938204733	0.14133677530175426	0.037675952210294704	
0.09942048139727243	0.1516199554323878	0.17953683603766357	0.1311525075225394	0.05773322257509363	
0.09847413647073518	0.08415186433122446	0.21894713146174227	0.020094638878405655	0.05478937818782591	
-0.08485240407011067	0.021056931980877845	-0.05188315546569616	-0.11624193051978193	-0.035598420928471215	
-0.022428908279343192	0.07870491224916247	-0.0006565648408750246	-0.07517441772014452	0.043615840307609274	
0.15905511717709797	0.0315999311492125	0.15109260090581636	0.06745136930702281	0.09372493290252633	
0.14420918593385415	0.09311965276456835	-0.029353078838721052	0.082343303965181	0.05015850467080081	
0.10623233448174783	-0.05215500247881354	-0.022817149640457144	-0.07620519043282668	-0.002116280906807085	
-0.242587533857963	-0.10427924982823525	-0.13334206193697487	-0.09619388813615463	-0.11456034449140633	
0.03723961003406483	0.10755124841909981	0.05899750146876495	0.11665934145149859	0.08866562683834614	
-0.002288667200060286	-0.04097837267322218	-0.02093123460081942	-0.035591408268565626	0.05861836074290354	
-0.023125707409349702	-0.05801470837573127	0.11196485550765012	0.02064648011458681	0.10155253789041288	
0.02542390305719256	0.006223136415922088	0.03769731267947891	0.016776226600068538	0.09045281594067306	
0.05354840168683998	0.10919163977860359	-0.010124225528657157	0.08327708734707549	-0.020111174303637205	
0.0452767060731703	-0.08341567791294754	0.032100997844104445	-0.08249900431585654	0.11174528071689886	
0.12100117378989962	0.08174107835505015	0.1254361284995066	-0.04438074068475672	-0.03224412723536165	
-0.028765515175616495	0.03941429769335428	0.11491450200246492	0.11883966050764325	0.06738094757089845	
0.11893343479386687	0.12917013737595714	0.06263280921197295	0.002989382071720854	0.006737641483272263	
-0.0740602809214923	0.06104385530721032	-0.06327974452530777	-0.04608339474640834	0.06384926041338418	
-0.2003685723395229	-0.035933343005539055	-0.22347505155173203	-0.13569647340342414	-0.2125095243494368	
0.21994995023009298	0.06257220403724248	0.14002909000279842	0.10637479856620131	0.22010641864575575	
-0.049918717345692185	0.06292897488300762	0.11594822708985937	-0.06675734316913112	0.03535040157007975	
-0.04235404434545384	0.06488838077479916	-0.0007047692208233026	0.03436413860058031	-0.016310616417348368	
0.04141061132611417	-0.0324526185818894	-0.08280611496061437	0.02510820099007866	-0.027190718823208275	
-0.056858840625805915	0.03195330318685248	-0.08266120521061315	-0.10458423765957596	-0.08719348141106081	
-0.13071063581811898	-0.09605080734867928	-0.13053371895265592	-0.11939173569950212	-0.2600166483672161	
0.03273190292879717	0.021810746048913185	0.09780736474183374	0.024758342886455873	0.13859788762764835	
0.09339311689777101	0.12117530386226998	0.06139662999611785	0.10824039640053895	0.03862043490361556	
-0.16168864619030907	-0.16346640990093333	-0.26680060048062354	-0.19336051569724205	-0.1392931293281612	
0.007194694902799108	0.002567146496120273	-0.06353464089638577	0.01097148986938641	0.09956565922197197	
0.12656359169532272	0.05888230558615552	0.16558441250880965	0.12707971191323225	0.08052010316830288	
0.04410294558845911	0.008574075370030632	0.06735565829436724	0.09331757138093703	0.10542441686568942	
0.1806961970533162	-0.013583924918256805	0.18967809861942736	0.11703129823863952	0.14668850339983916	
0.09573699285880934	0.07782261819598996	0.08382521722243952	-0.04288280373687136	0.037990758387678174	
0.054918182054275566	0.08244739741472949	0.05984696215766999	0.03470042041664854	-0.017200277980933515	
-0.22305246988329513	-0.04598044122058701	-0.1741439225464806	-0.013103378163353996	-0.17916257718681436	
-0.060847742604489045	-0.02991141919516044	0.01802115171097062	-0.04094250308228755	-0.11043749747947731	
-0.009793822228414845	0.01254593125239171	0.07190576043756552	0.07087118036362075	-0.05174634105182422	
-0.29082113313739594	-0.13923867252551791	-0.17137923241307182	-0.26405447779865315	-0.16399570308169745	
0.13335445871823326	0.05189820362380166	0.19095143692386568	0.10170432918025066	-0.006382733099719686	
0.07216656343401621	0.11230981637201552	0.1381637018679979	0.07767127339358819	0.09611110675630748	
-0.029769342353046006	-0.11001634951154696	-0.016859210958681762	-0.03722290297431484	-0.07540593819738295	
0.08149586805436537	-0.05660433548757506	0.05793827903295827	-0.03711749731600784	0.06196767586227794	
-0.027521648256482394	0.04739643612701416	-0.04785567112500524	-0.06782963565616763	0.03750255784280718	
-0.15033234473408993	-0.03720736101047559	-0.07464433354762533	-0.13680383323822062	-0.1698598062329443	
-0.09450414221309306	-0.10531048584965419	-0.06338189813728676	-0.12634927799036302	-0.11364327196555588	
0.05212349700634636	0.04307516632149887	-0.03405934952110799	-0.0695802643567969	-0.048719364642644994	
-0.031579293815458515	-0.04949140240293653	-0.12179699677146374	-0.13827063618228652	-0.051477470653456016	
-0.07031516117538836	0.025428551846706567	-0.02534914677793701	-0.05369616835217298	-0.1436063295084063	
0.09191283662559926	-0.07345180076998664	-0.0624601254459893	-0.01958731426196404	-0.019449088641188387	
-0.029446786005038486	0.07254592624611256	-0.015346800203653784	0.059764767180780894	0.09087255457500168	
0.06859436094820565	0.10444101505906767	0.19459618462778325	0.12446012055975297	0.1419989263273803	
-0.029533818263691766	0.05084864843062323	0.10086339818171568	-0.0052254187877313184	0.06319344939279013	
-0.04892685628656547	0.08239839850338937	-0.024781491151250813	0.0017757937858130486	-0.0010429377632112892	
-0.08677993617899221	0.07929940319053383	-0.029015636327133405	0.005052239304059691	-0.0018088790143751467	
-0.1270762124799472	-0.1135291711267366	-0.15119098019755103	-0.06028911383324851	-0.11642369279978187	
-0.07517943095465127	-0.12322048815304598	0.0004143607668483408	-0.12138640208445863	0.046058216328702	
-0.0439638918968646	0.015050636631980006	-0.07492734698158089	0.06226187320906211	-0.0439988739444863	
0.009173129348603978	0.04400374060435082	-0.06519176253706727	0.010846593014275808	-0.05618462506640842	
0.09055112908786116	0.06183103066921417	-0.01235132477708849	0.09260770429338332	-0.05647861508747767	
-0.04326003412285805	-0.08061215380211201	-0.140734270253107	-0.04642923724152624	-0.08231013549610885	
0.10855406049986545	-0.036985281993765357	-0.08560163350236324	0.09828114891069412	0.08400921213171146	
0.04543994839301509	-0.003185245882846158	0.03989128543656349	0.04604101819553704	-0.023499301164845544	
0.019325516595086193	0.022239648883041058	-0.012006497244313871	-0.054710574685988306	-0.007345230635957488	
-0.027923931309419527	0.10284596124087052	0.16187301255004166	0.003556332063638447	-0.004493571591906263	
0.11600076026794874	0.07137687607046164	0.27154729495065305	0.13841908221870827	0.12433715505823222	
-0.11961240765550976	-0.09292942221166751	-0.021582466937848134	-0.08495249518832558	-0.06791300500225725	
-0.18409551169203997	-0.08978220119534633	-0.17783293856490043	-0.1979040748825547	-0.15020921177650376	
-0.12619460188632428	-0.06448473503067935	-0.10774430933015976	-0.03694306410982581	0.0010176486605950874	
0.13587457259607708	0.1499785105192439	0.1541791503066963	0.14189914970917175	0.06763263382365309	
0.05414474076609115	0.12446041007449714	0.09634628702135642	0.10336197551156132	0.06559329446889832	
0.11766254511779181	0.1428412506286273	0.03969310709862705	0.10160458814068499	0.20276763111789445	
0.14343633854334617	0.031173312187436433	0.23075955608066095	0.05986362083856366	0.18187154816040835	
-0.1285389605164917	-0.02315370919037555	-0.13081424577700465	-0.06037989495116339	-0.2323690964439164	
0.11741845014580457	-0.07173137024776019	-0.013317970199734172	0.10413072889770593	-0.07928120506722205	
0.11931998004872985	0.09687596067619249	0.03987137701931869	-0.021521080306258933	0.10597888859811078	
-0.08618211030103762	-0.12897397353770695	-0.003146557772631115	0.0121629788749989	-0.0858063110377871	
-0.06434752586930464	-0.11699246964702396	-0.1124345726601045	-0.12429761840543388	-0.1369026032479537	
-0.00014715296561291558	0.13190712773806396	0.027718952029618462	-0.033421154894030455	-0.010346088144778246	
-0.17487909790503517	-0.030949660274212858	-0.07708860497611905	-0.015397585500436151	-0.0915090154760343	
0.03992993606431046	0.024048368938224457	0.03808439674649687	-0.03194229128900679	0.009760220978767975	
0.06832144687309705	0.04477765841581844	0.07194954572116048	0.0767129959957989	0.07001827064971872	
0.041643687521624784	0.13047833960248553	0.026045967463982703	0.13958597397603043	0.08705181301384952	
-0.06908035941995551	0.04345293656904527	-0.02234583351206592	-0.08121373888497863	0.018630753384245826	
-0.030039689692238084	-0.0423152935583032	-0.047682830312272814	0.0239518542834241	-0.05975620419966606	
0.18702542734553615	0.039026359021559785	0.14853636830281677	0.09065280862221389	0.19177634166521385	
0.14604607157205934	-0.018934136057108655	0.09295955120719755	0.1316252424011191	0.055475497872503506	
0.14399529656438811	-0.00554849299616356	0.0886175629298959	0.0814586520041205	0.0031670617583482237	
-0.09433970796909252	-0.014736946357486973	0.09107967006414598	-0.02907459544712869	0.058925032335902516	
-0.03701976733581995	-0.011091012667710468	-0.04244268791928145	0.0677425940350598	0.06990879383411824	
0.0591805965966002	-0.03565744171937194	0.06246720575582736	-0.038638691319493046	0.00483022172132805	
0.008079659078587853	-0.007235426657398007	-0.05042700100232853	0.051639482824645665	0.07407504979429305	
0.07322452427569379	0.062135809507490175	-0.013932107304727078	-0.031553395122964824	0.05445995411610217	
0.0905129308381655	-0.053377840158095935	0.009735610354066272	-0.002795084493948061	0.014318365102917499	
-0.03705816515356658	-0.01173844547056508	-0.013179146595677803	0.09203014259685566	0.08987233143327841	
0.03491652310960575	0.053464349716667525	-0.017053455217053103	0.03986759168718435	0.008464492952831994	
0.1437462562862317	0.06863817493283861	0.09140241414413168	-0.027929433899015966	0.058766452498553425	
0.32588527000425543	0.23540446375901994	0.2858389413120977	0.1024408333788453	0.24829801280765557	
-0.025664445951613834	-0.0326893901940764	-0.05697578311568416	-0.01116592472065361	0.03668328409839355	
0.027326449969708524	-0.006783145898473931	0.058800664171956986	-0.10051259420160721	0.07652195066074652	
-0.04246500413988744	-0.03135595369243715	0.03613474772271222	-0.04448500067085452	0.06923734248271927	
-0.03612159763992634	-0.008057662291988258	-0.02734060219623577	0.08174145455909596	0.08695880481212724	
0.01635519805804112	-0.036887530378947986	0.09422822031988731	-0.002135767344742301	0.09790318773027283	
0.12346002068825897	0.08518406567106415	0.046899792909313134	0.12316240293412196	0.09207122814482567	
-0.5194817965586835	-0.4113966178995595	-0.5231311269491703	-0.43307729235159176	-0.4200804275665753	
-0.30404189065548975	-0.17256671958228728	-0.26669548737925286	-0.18127695288058618	-0.30838801976397473	
0.073578562200462	-0.008361840753216698	0.07704955576727006	0.0538209945231129	0.05922285387915371	
-1.4158815318111566	-0.8196278277595475	-1.5526696039979	-0.9920604399925909	-1.2818836340047066	
0.9773168959813648	
