            A        R        N        D        C        Q        E        G        H        I        L        K        M        F        P        S        T        W        Y        V
 1 A   -0.015   0.0399  -0.0905  -0.0358  -0.0639  -0.0738  -0.0568  -0.0279  -0.0187    0.007  -0.0146   0.1167  -0.0535   0.0204  -0.0855  -0.0029   -0.015   0.0106  -0.1118  -0.0514
 2 A   0.0539   0.0143  -0.0285  -0.1094   0.0527  -0.0622  -0.1144   0.0324  -0.0994  -0.0133  -0.0727  -0.0067   0.0706  -0.0594  -0.0844   0.2756   0.2425   0.0606  -0.0125   0.0039
 3 A   -0.024   0.0112   0.0108  -0.2725  -0.0718  -0.0094   0.0739   0.0144  -0.0384   0.0296   -0.087   0.1122  -0.0522   0.1046  -0.0015  -0.0808   0.0134  -0.0639   0.0194   0.0361
 4 A   -0.072  -0.0156   0.0352  -0.0973  -0.0814   0.0583  -0.0326   0.0027   0.0805   0.0189    0.073   0.0121  -0.0653   0.0556    0.078  -0.0606   0.0774  -0.0275   0.0454  -0.0864
 5 A   0.0694   0.0224   0.0454  -0.0273  -0.0416   0.0716  -0.0097   0.0023   0.1261  -0.0403  -0.0697  -0.0693  -0.0091   0.0142  -0.0166  -0.0476    0.073   0.0133  -0.0382   0.1223
 6 A  -0.0937   0.0049   0.0698  -0.0258   0.0739   0.0223  -0.0876   0.0777   0.0345     0.09  -0.0593  -0.1401   0.0783   0.0389  -0.0537  -0.0018   0.0459   0.0766   0.0383   0.0466
 7 A  -0.0869  -0.1195  -0.0854  -0.0459   0.0652    0.007  -0.0527   0.0619   0.0285    -0.04   0.0756  -0.0247    0.011  -0.0871   0.0544  -0.0963   0.1073  -0.0203   0.0658    0.048
 8 A   0.0107  -0.0658  -0.0796  -0.0685  -0.0824   -0.071  -0.0496   0.0418   0.0108  -0.0365  -0.0775   0.0846   0.0123  -0.0537  -0.0448   0.0441  -0.1031   0.0147   0.0851   0.0132
 9 A  -0.0471  -0.0011  -0.1247  -0.0693  -0.1059   -0.059  -0.1773  -0.0563  -0.0442   0.0181  -0.0331   0.0884   0.0471   0.1472  -0.1216  -0.0236  -0.1124   0.3898   0.1767  -0.1107
