TESTRUNID EPOCH: 99 L_PCC: 0.7907318577548987 L_ERR: 0.012124658042087793 T_PCC: 0.809010705577449 T_ERR: 0.015331980708799167
180 LAYER: 1
5 LAYER: 2
1 LAYER: 3
99 :ILEARN
0.004471683065775249	0.042398414836584936	-0.06155386540575204	-0.021033906109975967	-0.04478919673576278	
-0.041419912209925094	-0.07093812340326484	0.01938264952584568	0.01507060267855445	0.03949416965665733	
-0.020879692399170948	0.038035035509112046	-0.06494888489137288	0.07134044257460583	-0.09815115477695638	
0.016797865698653325	-0.013501769268166423	-0.010429891567340938	-0.0883419659845374	-0.07532327343870764	
0.060148913735107334	0.0936523151438795	-0.03731516436815144	0.03846452313386281	0.07527783045920766	
0.06319850140011485	-0.07994409516425002	-0.11115287390190128	-0.08005810224817009	0.06340628267799026	
-0.0821914890875919	-0.015440322178086975	0.08925627141249275	0.0049332518187556644	0.03693605474842806	
-0.037678863263726985	0.03700837489133431	0.06604656578219426	-0.09703447636491919	0.049192884242789905	
0.1425456006997062	0.04041804410160406	0.014173924093487575	0.09964247356420809	-0.04194263396626116	
-0.01042129476481897	0.08171910061861912	-0.0412771703252641	-0.042444932282730254	-0.07399428557634447	
-0.09612660842594059	0.03576710658797819	-0.05767437679998819	-0.04689066812555476	-0.0016853681439323448	
-0.08932749097658393	0.014823521098402612	-0.07065428501883797	0.017861107380656854	0.03995167200418623	
-0.07953311423443483	-0.017188802436086337	0.03888003154554903	-0.01716414609461947	-0.09000930821078257	
0.02756978110609322	0.028689028606720235	0.02862836218413857	0.1068079770470162	0.03352639668469686	
0.0967676653707089	-0.07579892757716739	-0.05197460090624632	0.07607323993497511	-0.007552188781379604	
-0.15266362075883996	0.10220480302118728	-0.1316004727771805	-0.026752689654628067	-0.025484640974521067	
0.07139570004331866	0.025572506350241463	0.043798122253979846	-0.03496812623217394	-0.0502597432450902	
0.0437340614726074	-0.00739914807979458	0.04858780916595896	0.0008607943747153506	-0.0044390903584091	
-0.06952828897333761	0.0884525243303307	-0.0007670629029776387	0.022431512795248035	-0.01227979032633938	
-0.05259460395139446	0.08067590411245076	0.014735897334457168	-0.09942593459376821	0.023428982724144773	
-0.03467101964558077	0.0054116204515218536	0.07718841986215491	-0.028546047999500043	0.08170703018395983	
0.059104714041586494	-0.10347892993578478	0.12938760080141368	0.06883615735022235	0.12715885890052028	
-0.06553189833093429	-0.07257285007422445	0.08651909260743271	0.03936363229798004	-0.0867999654555875	
0.06537591508386341	0.04812073634087206	0.10283931452643154	0.055336633477355616	-0.06320121928888235	
-0.08097666947235387	-0.09755017664175873	-0.07545446427109716	-0.03718682864950283	0.08411393564003465	
0.02239716367076144	0.007837144067430699	0.08696959333124182	-0.06178798808439669	-0.032066054485518136	
-0.37154383556256343	0.16937767851358096	-0.4580075260231858	-0.44779688188365224	-0.24962328114919727	
-0.03871670837427024	0.05859990733694411	-0.0038628049515265737	0.08586809805071885	0.06132999124836162	
0.011248046798083777	-0.072708954867863	-0.08801646209755767	-0.07573130885185253	-0.09108962429104767	
-0.024328885886246706	-0.06537895015615078	0.11051629343424693	0.060329299733062135	-0.05398263138217212	
-0.07239370947211259	0.09095134427299864	0.030258954839666685	-0.04743122979870509	-0.038659361300210006	
0.06289175538625155	-0.06359245750052717	0.03436553179982173	0.10680213405967598	0.08100241076351684	
-0.03730912046871112	-0.004058397617777449	0.042582746212143134	0.07899414855773336	-0.05654318118647438	
-0.08144398001441709	-0.08871869133520978	0.015900717861982005	0.034574111803234345	0.025819767935652927	
-0.021729146038986253	0.09494888759510865	0.034656538788578585	-0.010558386487083597	0.022262142896323594	
0.108256303069078	0.02194243061619114	0.02957582867503041	-0.03163080764150423	0.023447988224381128	
0.05646184968418624	-0.06382887897286184	0.08743757664251037	-0.059765392505859334	-0.023306604912104525	
0.07508283967974937	-0.06398642990607448	0.046019709658247754	0.017895124468709937	0.09658763457748043	
-0.01250500615461587	-0.09373750590062706	0.09075702594888423	0.08573660004507093	0.10936561334474808	
0.10059156194720832	-0.09988129656745776	-0.034838308863222256	0.03641215963470576	0.10151983540254787	
0.0560519349488683	0.017988071341996585	0.04265918977203021	-0.0023513016874875214	-0.049260539250422966	
-0.0028018665806180537	0.020862096583994655	0.009909584301712515	0.08523628534129074	0.08374668712672123	
0.03304960687765475	0.083920773837319	0.01360976347600647	-0.024660849139979738	-0.02053193991295168	
0.02434393908224942	-0.10008174532930993	0.1175147469298382	0.08576406860345018	-0.07815806480336183	
-0.06476074888498895	-0.0335872851266326	-0.07380063103781663	0.06189813842531641	-0.031052669463341315	
0.08802149646667343	0.016402835989416012	0.07576639688236883	0.06894688907844437	0.08107846374172986	
-0.00802394683663861	0.009269363204074649	0.05972071823040789	-0.042856229653170486	-0.0019492954760144537	
-0.007123847002308174	-0.09166179363072456	-0.013425282308199213	-0.03766712259290878	0.03965330765322153	
-0.03695103938092541	0.07857774170503026	0.015571443056907094	-0.06319795967450699	0.05758584676510087	
-0.004877845665063786	-0.0838000856974538	-0.04671330419440344	0.011481460963641766	0.06089397652342484	
-0.11940307994861578	0.09868834069001708	-0.0470666669668509	0.07668843156286308	0.004814376751796333	
0.10489306166663175	0.007072890225424588	0.07637169099672513	-0.0064881677140064984	0.05000615841619664	
0.050004352740532	0.07166276728580848	0.05101643769353603	0.03961144968946059	0.07289588601091998	
-0.08056815828847741	0.042663621600189425	-0.06617459881980636	-0.06437571929018626	-0.05482028461571692	
-0.019704083306091885	-0.03652321080834463	0.024383873584060287	-0.013950545835747133	0.09476041558545045	
0.054666027335769016	-0.0642457145385495	0.0093341113565913	-0.014442322448130093	0.07462483074826229	
0.07946389474101169	0.07983460344183532	0.037108284627564395	-0.0427439670709776	-0.04662617939593731	
0.07097958853948047	0.0055429292617493325	0.06043221680091962	0.014497703438321269	0.04662850505750221	
0.020514462308154065	0.050575884012036644	0.035012480085354326	0.007743717358961115	-0.018334823810036833	
-0.10611885866198091	-0.020317612630621693	-0.1095472500171512	0.07794382307280727	-0.08026788439477665	
0.06612945911498584	0.07425707508140415	0.04111352878923718	0.016567022758853495	-0.06468095814273087	
-0.006623995447338743	-0.03096558976895701	-0.05499200843718308	0.018502373753159357	-0.03754603245961661	
0.09494286973322753	0.07957545759317984	-0.033719060478802035	-0.06781220440950897	-0.05200043133372811	
-0.0150140145104353	0.04819115740659098	-0.07721738943272788	-0.0644226528912455	0.05714963744779092	
-0.01683025634649453	0.023337013431047243	-0.05326677215214999	-0.07960654811484053	0.00317140339370596	
0.016323452963935326	-0.07356325807029597	0.050513885885528326	0.027559941195599257	0.047458604397522405	
-0.08899651599809687	0.05363891296553657	-0.07705661724086624	-0.012285348594581831	0.04221890181638214	
-0.07693731243406288	-0.038771558342171684	0.09786704219423875	0.08537086011494185	0.022464908080318983	
0.07332165483330261	0.08996119827072532	0.06528139952586828	0.07082308876730775	-0.08025131963593034	
-0.0032691775944770967	0.04708258177006013	-0.01583728879140824	0.029759931852207887	-0.12016681535651624	
0.07811421695101524	0.04402295319430217	-0.006329972874495757	-0.026553288114830882	0.054366762199640664	
-0.015816026991034828	0.055753474859805294	0.010112274621141412	0.07113819027837592	0.11111121904731863	
-0.03995033209321999	-0.07139883434838012	0.08026168726985478	0.00831187577747465	0.09494807417101644	
0.024008613828684806	0.09946750943274693	0.0051220245231487094	0.0022796731001077848	-0.07544392775743607	
-0.04519513727959902	-0.09166697624036184	-0.0879991436078672	0.03441576647170914	-0.10692865268536983	
-0.02669138055125113	0.07246925056760883	0.03853554350147087	0.03818842841323372	-0.062272639808937824	
-0.01855075907680981	0.017747124325850346	0.08931467622451211	-0.06545130726361062	-0.055864545072744944	
-0.07964930764747512	0.05662879723736312	-0.046053326462336924	-0.11737196471545307	-0.02509174044801059	
-0.05760796707126481	0.05972084895204205	-0.040533723698545555	-0.09447879760909927	0.018686489892924207	
0.08280655670078195	-0.02730319505133323	0.06785210048820373	0.015430354879812501	0.019623703062730414	
0.06998861891078856	0.06501603568866471	-0.11908136451205348	0.021380188842164215	-0.025157674802573082	
0.033665584745111	-0.04490086609098446	-0.1125397234405354	-0.13367441915101647	-0.06074154893671448	
-0.0776936757819015	0.026061956336785146	0.06122917785794568	0.03978910144943172	0.05318600581839822	
-0.046634754210722065	0.0714608621901937	-0.032134850838284844	0.05161929418423255	0.01345751544590157	
-0.07131539026595102	-0.08432262002901042	-0.09633347141739855	-0.08665500047212871	-0.008283237258313633	
-0.10291143257215325	-0.08927357440143571	0.018814903041887716	-0.044155156711141626	0.028513719647791026	
0.013787086466416566	-0.014725517617089063	0.025050131319231884	0.01598595536363191	0.07958933059087721	
0.0008690038945380659	0.07686733163148711	-0.06693725063671606	0.07266389439293726	-0.058656335188153996	
-0.006187543265900593	-0.092036647835291	-0.02747406083360381	-0.1263423068314711	0.06601983372290128	
0.10011480644033258	0.0554339543204278	0.10688586890279518	-0.05383024151135674	-0.05326221906418648	
-0.062033857687560014	0.024329844268380425	0.0800310504951348	0.09717509471797439	0.042008096395041085	
0.06894630737754819	0.07717179337296677	0.010233467716035893	-0.02844433704639793	-0.04590751845405795	
-0.0761085899332542	0.06252211760656576	-0.07064152531655138	-0.04714050345461987	0.06381783572670616	
-0.04647430310804768	0.0981641521687623	-0.05727111445517671	-0.0009696620709546851	-0.043846751906761766	
0.06493904732511219	-0.023392065248808252	-0.03464797158326515	-0.013305657954902678	0.07383553618726463	
-0.093300951664439	0.04306009078977516	0.07891513343123605	-0.09408306429404886	0.004730529845640925	
-0.03920041356572391	0.072628635301371	0.006244972754209374	0.03412740502648959	-0.012988244985470711	
0.10139373796956372	-0.05401394172156959	0.006189166904185332	0.08451562535883743	0.03266457653484219	
0.0034535197002259627	0.08328117061077955	-0.014705042299720805	-0.05052079267952292	-0.025741247744189108	
0.08554543319938761	0.0875158498224345	0.06927750308086673	0.08282143898268125	-0.05536910145066877	
-0.10440180339084376	-0.05031419535412688	-0.0626706546139582	-0.08554408613283253	0.0032608612792177786	
-0.01728271699976773	0.06327030236544282	-0.06297392034619387	0.0403753059512621	-0.05192887503017223	
0.0029901730609919242	-0.027833867302808617	-0.1030242942933268	-0.06491573454973139	0.02350856498011136	
-0.02725601644144587	0.009377517407393567	-0.09531686129256224	-0.010112224308416745	0.07703221024419928	
0.08483428355960522	0.014402305009073042	0.1238473093711218	0.10091395475658148	0.03757708927069627	
-0.10113729852189941	-0.07981374241791951	-0.09661766093983387	-0.0166867161182362	-0.03118979729812704	
0.11500365418251768	-0.07085331408197773	0.12000737674266461	0.07177150624622143	0.0812678844909068	
0.008617539332570659	0.0370799035798342	-0.026089978496612137	-0.11352844208317399	-0.0442390867195767	
-0.005264002808936309	0.04648724456691744	-0.010683989278843821	-0.01180630099040232	-0.07555544579587092	
-0.08529693662827562	0.04905748341161589	-0.020236067515728533	0.10781746580021327	-0.04637008082337346	
-0.03344538139015053	0.004641312185848811	0.05062571040902325	-0.008419249793179475	-0.0758723430727304	
-0.03938506647671712	0.0010323825461688474	0.03246996782175343	0.0523255896332644	-0.0754947822839583	
-0.07242114189163762	-0.0006018891023482569	0.08963369762619668	-0.07730552528852873	0.053031495181529734	
0.023389167185116983	-0.007321303025106406	0.06555495240740015	0.016222393823013385	-0.11001019964150693	
-0.034322786963435395	0.07778005741104338	0.02705588051016969	0.0018436623191303994	0.009768022230368706	
0.015699915957840108	-0.045176044966629574	0.01210599810721176	0.03434595696348405	-0.029514073956718234	
0.004466143230049377	-0.04805759352437149	-0.030079726257527584	-0.10212999369452012	0.000817881023430548	
-0.014452534132784758	0.061539681822441905	-0.02929302746640193	-0.057261352474083774	0.053456901684353325	
-0.03642323908714427	0.04606617741476141	0.050485122910931164	-0.054892461288352574	-0.056884040741729876	
0.0487667084154995	-0.09032140483773418	0.120487258834377	0.004627092060489899	0.018703863356909243	
0.0349128047526821	0.05995530737947727	-0.08389409457432283	-0.05365953790284159	-0.05847486763923713	
0.09620865947507928	0.039503776267953906	0.027020198897416994	-0.027723110082356325	0.0769175768162984	
0.003392050737022086	0.0809831149756026	0.06201680296438275	0.01035468852232522	-0.06185909321513202	
0.1058973270247304	-0.07034571190857651	-0.043818466214005175	-0.0027631213252270583	-0.00920172402884551	
-0.09203870206737225	0.04977199932459738	-0.08708562188856282	0.008741358460695096	0.0330234993951242	
-0.05785352158333586	0.020190849621527993	0.04978567504916728	0.027643742124066673	0.019425460589329813	
-0.04090354286890059	0.04632129424830175	0.08906168799998995	-0.014887721947690613	0.05643636336628108	
-0.11571770059910073	0.07228587175710148	-0.09367156058309711	-0.045383018612805824	-0.061802588938675476	
-0.08397927123879015	0.08092620058724859	-0.02596916448925235	0.006139487695227902	-0.0011767468207349863	
-0.11024376009492164	-0.05177151522989228	-0.12764225889643566	-0.03156823310017791	-0.0787631673639416	
-0.04787127569551203	-0.07440530019524999	0.03228784180254964	-0.09704400526271145	0.08074027392547452	
-0.07408513962611085	0.01634364520591245	-0.10238821402035908	0.048901303393704354	-0.06961530265351636	
0.005580795681625325	0.04801550863181431	-0.07001370301654881	0.010217434837394346	-0.05667655833424412	
0.018436819992846104	0.0510683624093505	-0.10416469687566644	0.04226501833748313	-0.12300899501721906	
0.04646441754284335	0.01667575016125369	-0.050559140905863775	0.029000414973890325	0.023077892660412363	
0.09157250478059088	-0.04323646050690305	-0.1062536485725101	0.08148047502941007	0.06696961401719367	
0.1826765576557944	-0.02051470771867263	0.2188461607219372	0.17943485011627253	0.09427981383457221	
0.038341673765336946	0.05317192639682953	0.0036784117603741993	-0.03365100136751639	0.027239385844975806	
-0.11343835347816798	0.05712408309061541	0.06288583947407786	-0.06464714292473532	-0.08764614971897311	
-0.04100702026707848	-0.042824102554076364	0.09566205701972313	0.022001314427511496	-0.030749068969248772	
-0.04902294092428441	-0.046713974396332986	0.052209847923916204	-0.013987123969317596	0.010428698506242976	
-0.011176578596677117	0.06562707214630242	-0.014730369152753872	-0.030860235764899532	0.034994320961821035	
-0.0551063357320657	-0.007307332191825424	-0.03597163782489227	0.026212626695419492	0.07585259666789776	
-0.049025102354621396	0.06476147668582387	-0.053980308680547685	-0.0033402505709508395	-0.10550324071802974	
-0.013403698606470366	0.08186239773098733	0.021095800206186927	0.053354917447420436	0.0009401216191788631	
-0.0655949791571503	0.08120143740048621	-0.16413896909691872	-0.04451097790755435	0.03546673252912529	
0.025548518517076062	-0.06589469978810827	0.09894871676640431	-0.028611242703654824	0.05892099024181355	
0.031048019923265946	0.08534890411129775	0.05250329597424856	0.08776931371504189	-0.0798758985103125	
0.11825851115631862	-0.0885269863707602	-0.009923557504569224	0.10711950494020658	-0.08199679094145275	
0.06325476453811656	0.07226615896493918	-0.013623748328334014	-0.050002584075028715	0.05938164478531735	
-0.06581691951303911	-0.06137769484360807	0.008451798223063045	0.023327324974734866	-0.051909767836193235	
0.10204511704519793	-0.022547786054441552	0.07502549365783313	0.007179063608164428	0.025514837823535863	
-0.04119440387923566	0.08890019793325415	-0.015004222813703815	-0.06055017134390811	-0.0545057849508169	
-0.11996844221477676	0.0475537578470467	-0.013711564846696587	0.03760034853279023	-0.01738612354511501	
0.048500842859896115	0.04096570097148403	0.043346888344322605	-0.027405678590287523	0.021649871710976806	
-0.06404114046140513	-0.035636007322419214	-0.0654790759760415	-0.01827255499734752	-0.05171625040688024	
-0.018615601174128416	0.09504446848746242	-0.035936134835593755	0.09649818899497906	0.027261225171196724	
-0.024981796321217803	0.07149689981671933	0.02391734787371476	-0.04959338397383213	0.05857113559537752	
-0.012721320308620271	-0.028808467282832873	-0.03212849098161805	0.03974700024936742	-0.04633348948528613	
0.10232862992828377	-0.04617769198956129	0.06973519965087042	0.035241243619182565	0.11375569485317125	
0.05435105962736997	-0.05858563052390951	-0.010239800443613712	0.057814840512699264	-0.02996588292752283	
0.11472588360349487	-0.05028866400404394	0.06002538044239109	0.06345282557607779	-0.02998454063461391	
-0.09636396697680263	-0.0167842585426445	0.08881089503938061	-0.030625046032498448	0.05674707989530155	
-0.05117095962370506	-0.03438432836860676	-0.05395405918204701	0.05585048171844848	0.05096529256148407	
0.05083433665113834	-0.0519650998063704	0.05497989795082914	-0.04269496625040598	-0.004455361922969611	
-0.03016344954417407	-0.02798208989499152	-0.09405432754284879	0.02220687719608547	0.037927808804380125	
0.037059716288021564	0.026704498152728955	-0.04815889618149709	-0.057212374478137255	0.014400777385022366	
0.0726001872432844	-0.06264726031770788	-0.010516678988163912	-0.01647532839498656	-0.0024293136846067877	
-0.0700915312927406	-0.031023736391627293	-0.0505527766101612	0.06672351493124389	0.05826317348037875	
-0.04238955774541129	0.026699424823301066	-0.1044267899502853	-0.023087613877611594	-0.06319142123573636	
0.06714043262128168	0.033948029497603914	0.023309793115280666	-0.07758933319104265	-0.008956096902593195	
0.09731455591737631	0.08965983481453302	0.029017128052088725	-0.06965502579360527	0.027825369743981004	
-0.022698620772530015	0.00106318366083593	-0.059811355475104216	-0.01327610350864105	0.040603091705206366	
0.03286469026282486	0.019440846028635033	0.06587681397915617	-0.10259474181585052	0.08311880597528717	
-0.07490567151992264	-0.06302651396583579	0.0025408918706823365	-0.06556331660469075	0.03633297750345407	
-0.10589243824564305	-0.039884967907369895	-0.1067685391434793	0.02675136769857053	0.021491674312901006	
-0.02428388134987955	-0.06236114799403576	0.04940096580598902	-0.03192414184690655	0.05906023348112857	
0.01790954767814342	0.0012033816026723841	-0.06884093618417324	0.047071925364330365	-0.013597924970224112	
-0.04356202102704571	-0.013291032454645519	0.0023617096150442833	0.003930469669994792	0.11255267230495546	
-0.028086452551959754	0.05460606553468022	0.009399597873349262	0.07692100553777596	-0.029735578102512004	
-0.06776600019393463	0.08596859162457818	-0.09153851340173302	0.07478264696550004	0.0047270738254846225	
-0.47699402241385364	0.2687935713442771	-0.622405058383494	-0.44793842273986056	-0.2698498896796942	
-0.035544367758402494	
