TESTRUNID EPOCH: 55 L_PCC: 0.8894101333477351 L_ERR: 0.005250096072055988 T_PCC: 0.8004436071249657 T_ERR: 0.009362135849497397
180 LAYER: 1
5 LAYER: 2
1 LAYER: 3
55 :ILEARN
-0.032784259787405734	0.09339049945837202	-0.0921820985040373	-0.06693644840543232	-0.08814440640168635	
-0.2571772524703329	-0.011719625855794827	-0.2808388616590775	-0.2394697527600468	-0.25042892279705165	
0.08123098550325013	0.012280482692495818	0.09530918504871173	0.19036522262384015	0.03874601850743339	
0.3211111742730842	-0.09987771971643543	0.42735792682405194	0.2656355208456743	0.3307725689321606	
0.0606464635506584	0.08431739564754605	-0.03245346954795702	0.03869294218151997	0.0795651020362118	
0.24291725562956945	-0.13906540613951454	0.12740694580386386	0.12030328027803003	0.3011885472533474	
0.04744226040070309	-0.038796601560822035	0.29581825597576195	0.16416331203860235	0.23391665316228866	
0.03765770070818504	0.031335445455984795	0.1710592744289503	-0.027881236031772172	0.1401072976543047	
0.006650510820367363	0.07328983368008492	-0.1307035097055941	-0.04095164281545125	-0.16213343071750824	
-0.16720631178643186	0.13586919222482186	-0.22721908304849794	-0.21232096504084436	-0.2527896057664842	
-0.23014980165859447	0.05800428446916688	-0.20955801880459454	-0.1734294715555708	-0.16161404996796824	
-0.14725967569584578	0.0742646763900624	-0.15515711476131294	-0.0582831883404308	-0.036900231289209606	
-0.1504511318345515	0.019273403608409425	-0.06803798696384639	-0.0988901276934313	-0.17509703079857575	
-0.0594562952728477	0.031130533602133217	-0.07049780203841907	0.016974887821665362	-0.05334758966257779	
0.19392988864845292	-0.10518313894869923	0.09034615702667544	0.20021968824239497	0.13493539868378673	
-0.08963863943215371	0.10379958599183504	-0.05900340478560521	0.013841930900032134	0.005956545799847272	
0.16189788861460117	0.003999159159655797	0.166125429198604	0.06177151894469088	0.06311899808316067	
0.05055611368479775	-0.0032620621525511406	0.0541054074318944	0.0022712941745471646	-0.00905818990576155	
-0.106183602404724	0.12477284021076009	-0.0563928187706928	-0.02174537753642387	-0.05210030205821244	
0.02503058567168306	0.06355617148878215	0.15916954332262281	0.01146301689224864	0.1638179388812805	
-0.13522363267751653	0.054253548166644024	-0.06978893570363748	-0.1481466968497067	-0.0686692052546964	
0.14116384185681377	-0.09439552878475048	0.25506110410019484	0.16845651894878175	0.2623313347582054	
-0.03510968979487087	-0.07847004016971494	0.1304299527775785	0.07414847191443721	-0.045316308741775314	
0.0751174750064814	0.040494482277091993	0.11652632562290521	0.06957269663602404	-0.047082462391696785	
-0.06711656643927215	-0.09915706429812457	-0.05181446877059848	-0.017743338119928002	0.11319467539509408	
0.0904433398753623	0.016335616111171597	0.1908807945204769	0.019072451631295555	0.07317334188516901	
0.10954781140104064	0.0875761148881976	0.14360702399989014	0.006879828861159211	0.1884709035506614	
-0.056967579452816455	0.06824566332491994	-0.01750149747953972	0.07038602302251104	0.05113175467780935	
0.1436086257163445	-0.09079788866111466	0.0998670468519328	0.07354260026304357	0.09255748910587637	
-0.05827838955946601	-0.03764257801149804	0.06884403876923978	0.029449188788455604	-0.06874677705409522	
0.08481511890644582	0.14012065188509618	0.24919181125955042	0.1212888264644381	0.18473935519326926	
0.09265714017175875	-0.06533486259558283	0.07861172572854076	0.1434181037845089	0.12943303344072915	
0.040714320974008275	0.005817121799388072	0.1537760402784703	0.16866606833433867	0.05905296922329999	
0.006578991505236573	-0.09005577120414657	0.14319188959908263	0.13640677913398455	0.15533008863575437	
-1.0115224411800485	0.024232529651750635	-1.1402891615808546	-1.0526090915629196	-1.1591168700014554	
0.17932708921251336	0.0500586079095309	0.13846227590116783	0.05867148772067717	0.1559481653444303	
0.16842842371295638	-0.03584586648500946	0.2481637511693728	0.06817321534798562	0.1476018937513778	
0.06420922896395079	-0.06055197873676813	0.03244601951720214	0.008481160353184837	0.0893528284452186	
0.08771828871787234	-0.10476552936556391	0.2429368221019607	0.20653791878225392	0.2710383193587152	
-0.0053521633606616065	-0.040247539378522754	-0.18729420784132825	-0.08851555872579546	-0.0501735326903833	
-0.13860515511795973	0.04028182331217549	-0.21317020015237484	-0.21889521911520712	-0.2951997900010491	
-0.36636374990804016	0.049846345664876224	-0.4825293188601603	-0.34410144291433076	-0.42240267689698685	
0.07560060742668682	0.08315979428422486	0.08485248952795905	0.031801497630837026	0.06443501417627064	
0.14662358089632338	-0.07838135684320582	0.30660473976206876	0.23653268766468327	0.11115638348348265	
-0.0968236976828652	-0.013132300158191324	-0.13333030180020514	0.013436932917658174	-0.08277967977854006	
0.15895810433185212	-0.0019078054964529695	0.18860714204431553	0.1498376993051407	0.1753011728002921	
0.07359419168269112	-0.004729933509715465	0.20431021056316534	0.06503168401234115	0.13754256532214681	
0.026961163630209214	-0.09022175709602392	0.03486925452905406	0.005609143910042853	0.07283705398484865	
-0.00717712012234062	0.08339724094550918	0.04848768844925718	-0.030479772105246696	0.09404912516608155	
0.013267348719023814	-0.06218608417988413	-0.013053967084545972	0.017063725914487314	0.07184920836142347	
0.08897110393042036	0.06626699832487246	0.2403435159231855	0.3152424457371267	0.2743425366636317	
0.09791556046629221	0.00719317212229039	0.0816292578432684	-0.007595688684814348	0.0743114718272104	
0.01030232287938938	0.09479779781096838	0.005897418400817192	-0.0003268953037203642	0.026282207643554423	
0.12032061637830707	0.02488184732087781	0.21753343454764884	0.15613932630910146	0.1942104368677745	
0.02314730572928962	-0.05576318305958614	0.10086570789070547	0.04850146248094017	0.17697289959519386	
0.024329846380715205	-0.04629624710782216	0.004398667457920457	-0.02546134831647691	0.06686197273867976	
0.16926798642478813	0.06967525572436596	0.1559545637726259	0.04866522288332542	0.07552856728228524	
0.0634180808781281	0.007025027574517256	0.05850525511944095	0.010426467579100025	0.04866944185236822	
-0.0028608950579867387	0.07052100897544335	0.01985199915801001	-0.009287050394558058	-0.014572750875434902	
-0.15469324809746102	-0.009409714587319202	-0.15843138060395337	0.0013603300693465202	-0.1485006759902967	
0.040771710298679605	0.06856921419698642	0.019692968881795364	-0.004533230592988459	-0.0910536268806659	
-0.005297491871235565	-0.01522119985448403	-0.03129673417079618	0.004239918434422024	-0.030039810201059614	
0.12492747611583878	0.08584617614610243	0.005430098817316467	-0.029742640438508813	-0.0009738400819544439	
0.060558756061619375	0.04514745783787597	0.03189306975663538	0.021477708029993138	0.15823878565604843	
0.0018395570298463196	0.014361548182806569	-0.014942640614564299	-0.04847502771516687	0.03858399294465291	
0.000623597389423702	-0.061642494439891504	0.03444481191821009	0.014247704964620777	0.040849086981990045	
-0.02266848303875762	0.05969661422053442	0.02237868912762224	0.054509856549952544	0.12978173285160202	
0.007748438770391125	-0.020860479776577494	0.2445096819902777	0.17768827060704517	0.15075344689130482	
0.011788454167730597	0.10380254954048429	0.013991977694153066	0.002594321321566766	-0.13696423233333951	
0.18054589070653965	-0.0042618511164828204	0.23954216382396676	0.25609982006609633	0.11351754661755173	
-0.0015647094229886303	0.047215757462493305	-0.11920994605894603	-0.10899038276462358	-0.05169743385155429	
-0.11540625417388262	0.09398825821107824	-0.1352343201444279	-0.056486003301787345	-0.03190742044218947	
-0.07867538526925358	-0.06344958925947512	0.022592344858286026	-0.041273870055476676	0.039434032358136986	
0.1195479130640489	0.07458064207655486	0.15797221499655423	0.11369081151284463	0.06241236554108057	
0.04873551695472794	-0.09177201051376382	0.08810859416396259	0.1480742705472137	0.04685159430573956	
-0.039353391830149645	0.07322080110870602	0.030536757383223614	0.02590127837667035	-0.05073881966166667	
-0.1012232194104406	0.032688855255321635	-0.016778480023350147	-0.1422025695218163	-0.14885432176269622	
-0.0481651425063908	0.06092904920242341	-0.006739904874463975	-0.08791265440313459	0.006876037179006995	
-0.0881825209620375	0.07910748437636561	-0.0853364155971306	-0.12830299049024618	-0.018753875465879113	
0.04246299262681017	-0.011589380985630024	0.03192689995690592	-0.03381576832474235	-0.020154888872607357	
0.06655618999819021	0.060436287968080336	-0.09673927802869477	0.0283336319070218	-0.018038554197933866	
-0.08047906811273	0.0017778384574508447	-0.26676115573066334	-0.26531497717709707	-0.20774721211692546	
-0.16340327382594563	0.06773352012988146	-0.03852252003305883	-0.0673947444958664	-0.04715702392604019	
0.0615961789953066	0.0383138528533908	0.1223472415780482	0.17221186465136218	0.15507092443263243	
-0.036989205773716415	-0.09274056815396056	-0.0424461573843789	-0.04285487099198775	0.04783892783298393	
0.08164890810218278	-0.13610888088966078	0.29203186379193685	0.16926599680052792	0.27973260513254555	
0.03257597113413391	-0.013988250540013932	0.06666343385145972	0.04180051003044492	0.11676804953323118	
0.08253390920918707	0.05046605449171123	0.07139493525126733	0.17954622515334612	0.08409330072250075	
0.0038607543149262	-0.0873320186253262	-0.008626700277971577	-0.11917067952613103	0.06689307330094203	
0.18434750898411092	0.039839153741304645	0.23725627998933524	0.04355878258548593	0.07404461560022821	
-0.004894797530295722	0.021416386609099246	0.150002866523765	0.16150064141038384	0.0989317277371302	
0.012344371936858617	0.11138802811355579	-0.04744340028093086	-0.09004180080671824	-0.09807272600881356	
-0.14473795604783715	0.08382969190874913	-0.1824907411188117	-0.13333085004392295	-0.041615293803649984	
-0.028725508604621523	0.11526621431173345	-0.017343716135590246	0.018258328718988668	-0.002341563682583123	
0.04920766011122926	-0.020746208642412462	-0.019011895469550837	-0.04119579198094117	0.056960698503572306	
-0.15319082376603407	0.062016819942465315	0.015273171684493238	-0.15070917239629425	-0.05665244648482097	
0.036749278297978485	0.05831316699729759	0.09656582673968758	0.10999444553416889	0.07019433066053324	
0.08641027130118593	-0.050380646779643525	-0.012087669954525985	0.08259717578538861	0.04825576941429426	
-0.03844192347132977	0.11138774594076588	-0.046626228757615754	-0.09504418368110952	-0.06523169850620464	
0.06837285233673689	0.1021338319346023	0.03818181597043205	0.06536975181608966	-0.07885069305417547	
0.02155967628750694	-0.08410535903573374	0.13751657410417567	0.064407893375805	0.18624306844473476	
-0.23785605751208863	0.10891794989672827	-0.35383430427191204	-0.22085332741568783	-0.34583108445782307	
-0.017370071837901555	-0.0031612809174865818	-0.1134018953202186	-0.09363758632414947	-0.01543533315516124	
0.04189683534881699	0.00926932930705997	0.009151275194213064	0.07191985554718118	0.16077475562358182	
0.14480671512569065	0.003201492996907319	0.21248625653789396	0.17786010029350816	0.13456839791653288	
0.003094715379947464	-0.11272539245842092	0.0624971450250456	0.08051440787716128	0.11504140527356511	
0.1620079479010118	-0.08351661391946279	0.20165794506626258	0.13522041958843722	0.16740832901448013	
-0.02223228079890995	0.06022325137667958	-0.047902004404641534	-0.15445922443324614	-0.07099471715048733	
0.015321474120723644	0.05013021012036948	0.022796128183483776	0.01605686222810858	-0.03260189099234948	
0.0037237554363442767	0.04392257542417218	0.11211295143041622	0.203403366127655	0.07698784295520592	
0.009627867094063073	-0.01439502302628973	0.12439388856547377	0.06747215849664051	0.0023929192094152784	
-0.035048649588937136	-0.005445161055309677	0.050405569870241786	0.05839608994971846	-0.06678927073058676	
-0.16238667850306235	0.03022614619046184	-0.054253944890011535	-0.18860603369594323	-0.07767452105733254	
0.006744529298012202	0.004288833392358338	0.04678495334786016	-0.00476567175290968	-0.13470958427012275	
-0.034946623896143135	0.08432514327434223	0.01937504731434065	-0.006125168153479951	0.0024252472372778677	
0.08915626337188587	-0.03433635413982169	0.12660869741854391	0.12427233831894845	0.07650844088207785	
-0.15962598166420036	0.018764062231626452	-0.24951505005433025	-0.3079261045461915	-0.24209751543938893	
-0.0012290101873798677	0.059417755308661876	-0.014925745798588474	-0.04483066396596027	0.07369166767581105	
0.1256040506935496	0.015608977713961655	0.2862865487667719	0.1384644316922447	0.16678978819029455	
-0.025670752261629085	-0.07799607096862088	0.05756003019325027	-0.042719875223315676	-0.00012418582659663916	
0.02200741592270929	0.05471373898282618	-0.0806482912089989	-0.07008349145441291	-0.06721148530445617	
-0.0228652792081005	0.06617781824153025	-0.13719515261083418	-0.16479370453822095	-0.0791388679024035	
0.014485392604113871	0.10438656817779704	0.09102972893546879	0.03062369151842178	-0.008378527509151832	
0.28962218241031723	-0.11395288259189178	0.222061246576717	0.2180230878431111	0.25420279049593664	
-0.07618084453949306	0.048881743070247126	-0.07024785008501053	0.019210558698595205	0.04170066042426596	
-0.00033443150759860556	0.008316392671224741	0.12448087138808588	0.09061688370706532	0.09193745599663657	
-0.037172253280748024	0.02706970075905934	0.11800097549186528	-0.003675775424058993	0.07422001004254955	
-0.0653960415374261	0.07314315056464687	-0.020184578130901867	0.01816457705941623	0.0006827447650913485	
-0.04451249289031132	0.0852371259411313	0.03196562170382017	0.047614978128830934	0.04709096260950417	
-0.07612929233189761	-0.02197332777024176	-0.0614420323213926	-0.0028753334262860896	-0.021109829667043438	
-0.1273626558015737	-0.04665290627392877	-0.07445522932962245	-0.1887661729321001	-0.048083489785853896	
0.026290386586559935	-0.0008468211396512557	0.03493050217023804	0.1623272712784064	0.05789454992565457	
0.01701308732409389	0.04158118856430064	-0.052095174888647976	0.021659524843842756	-0.03598004575146743	
0.06426144849262677	0.07262477438248123	-0.023053123928006052	0.07170422838748275	-0.05560612971890273	
0.12262078042657319	-0.00039576728107303946	0.06510956275851613	0.11744389090855513	0.12319917015410484	
0.06720116057335797	-0.04214400385831016	-0.10328814871580132	0.07730228006113418	0.05708551060446558	
-0.06188315179462017	0.034769157608655545	-0.06142603750017295	-0.0462753204346109	-0.13600675365409062	
0.07965006272011355	0.04919366966068102	0.061114903610944	0.0031732140084088445	0.07347301509964448	
-0.06345600253991143	0.06098193067266207	0.11642963629540795	-0.01295982522184949	-0.040992612298631034	
-0.08701508412338015	-0.029697899833265255	0.045209647479730886	-0.04715794046748954	-0.07463579981078748	
-0.2864763089914177	0.01599123842999675	-0.27153352567077055	-0.2875443188760142	-0.30216453427595574	
0.04775820948584654	0.06140802555672761	0.07439665401219346	0.03803128519801272	0.12371944128223515	
0.07798042068611274	-0.040966285037952084	0.1499413903151291	0.17580108941416905	0.27316040194186814	
0.05848642535575172	0.058602251285561575	0.10396319835824258	0.1101350615044927	0.027643048937986407	
0.04595034191510114	0.0549832382361033	0.11068969192500396	0.12373519511276487	0.0899081264524872	
-0.002081948101922908	0.06676994055117251	-0.08173229281339203	0.012210000373278889	0.08902343658097524	
0.0316144615986977	-0.03863236377109242	0.10398733829038312	-0.026382397155904125	0.07371140253317016	
0.12217327468288175	0.07469461619260737	0.1935936201825971	0.2089390735253836	0.06569030992411826	
0.13552928942504333	-0.09170568013398364	0.02926137184248626	0.13692746510733395	-0.03357849547586128	
0.007353094924429012	0.07745480656247901	-0.04875888635332364	-0.07750208903824099	0.009185041358484271	
0.0005148973300633969	-0.05196765119849963	0.10044215693911937	0.09431679361633609	0.025012767294618956	
0.18582239850094587	-0.03573192219948593	0.2062037319957221	0.1058885195111099	0.15673705110367783	
-0.050532261652382136	0.0753440969280662	-0.013250695828669327	-0.05902584294450601	-0.05055045120886015	
-0.0430133383000752	0.051549598405814336	0.10573950207788571	0.12235573462058513	0.07975010905172396	
-0.09094853460371506	0.08066688845637097	-0.16549023673602195	-0.20558259885349842	-0.18470688311877984	
-0.2636409957795328	0.023117417577523277	-0.33006118792519173	-0.2637305467668109	-0.31468508523662597	
-0.045938566787242396	0.12678861261863603	-0.05128060261745231	0.061829016202759456	0.007980397918371691	
-0.006817752463021631	0.05742285604239205	0.06267926025185437	-0.02132774846505255	0.0944745946595018	
0.13699472002217994	-0.07073207830628003	0.18040397893376914	0.21655922659099416	0.16075811039134516	
0.0340863810928662	-0.02084631573557837	0.011924813437735252	-0.03229416264434812	0.0576494449222598	
0.07574349531985765	-0.09404953288702915	0.06907326008903371	0.09161747028286377	0.029716859388198548	
0.1941859377394075	-0.05809790580220365	0.1749533632657089	0.16106110638200036	0.09606103071392591	
-0.0879206223468541	-0.018344229974649347	0.10072519170852826	-0.02069908684999515	0.06820129956587798	
-0.05918448616141822	-0.0299411086837026	-0.06283526808192702	0.04967506485249188	0.048077568420924685	
0.05487389637794683	-0.05244220359594026	0.06303501518833987	-0.03566803521293377	0.008426795475728858	
-0.02235605066672057	-0.026132446314565645	-0.08227552769728418	0.030788965395693025	0.04402028635936857	
0.048852377081994344	0.024630350957892407	-0.03238996305848296	-0.04036210623176073	0.0377029210015942	
0.11449268979590795	-0.07122840844242342	0.04777415426212581	0.030744612682697514	0.05269509721429878	
-0.056170580483173006	-0.03241135235794051	-0.029549580892725053	0.08262173592199185	0.07711192697464866	
-0.04866468878430799	0.0024396368350662946	-0.0970772404416044	-0.046361612869821274	-0.08214022332646252	
-0.23400489234401994	0.03697253389018892	-0.3736548534402024	-0.40619227940204056	-0.38636450629096364	
0.3267007374803998	0.10158321120693668	0.3515471660826101	0.18224739311839852	0.3424584535546996	
-0.3589743759240839	0.08724194502940455	-0.47217282966934454	-0.3939882520324968	-0.41462189739486977	
-0.09837597676310948	0.08691960763894419	-0.12219242251789522	-0.26428953629392565	-0.1152953721122407	
-0.05919959416849606	-0.06254804050643473	0.02702015280267476	-0.04459991970547868	0.06552166278542744	
-0.03425129721142947	-0.05940982307209852	-0.0017230503967696075	0.10967031486067884	0.11666951740986271	
0.004994876658523178	-0.06576634291171167	0.09315819226666934	0.002188575449911128	0.10306670962486077	
0.09083686826119525	0.0010264094204849288	0.04114732305597135	0.13841897015414434	0.11419396747285147	
0.3424751040727393	-0.023096245435531567	0.5591675950349122	0.4577124455851826	0.6792790947405507	
-0.044362495075092545	0.0759279375531804	0.005181208520885539	0.05186291747556869	-0.05260064384041282	
0.12673306342221213	0.16814205022924278	0.3889744586366727	0.321206074117823	0.41993478479065516	
-1.4360858003351815	0.7568768117023191	-2.09273304273124	-1.7050870035129995	-1.9852629227126284	
1.5946416081901458	
