            A        R        N        D        C        Q        E        G        H        I        L        K        M        F        P        S        T        W        Y        V
 1 A   0.0505     0.12  -0.0519  -0.0634  -0.0543  -0.0857  -0.0346   0.0109   0.0005  -0.0324   0.0699   0.0941   0.0364  -0.0807  -0.0387    0.007  -0.0194    -0.03   0.0008   0.0122
 2 A  -0.0008  -0.0241   0.0167  -0.0302   0.0681   0.0096   -0.003  -0.0039   0.0042   0.0288   0.0946  -0.0519    0.081   0.0678  -0.0706   0.0962   0.0726   0.1446   0.0094   0.0682
 3 A  -0.0845   0.1801   0.0907  -0.0151  -0.1898   0.0127  -0.0485   -0.036   0.1717   0.0071  -0.0007   0.0934   0.0942   0.0531  -0.0245  -0.0305  -0.1019  -0.0095   0.0196  -0.0237
 4 A   0.0917   0.0443  -0.0397  -0.0241   0.2194   0.0647  -0.0248   -0.026   0.0721  -0.0611   0.0236   0.0529   0.1717  -0.0184   0.0165  -0.0258  -0.0183  -0.0005  -0.0535  -0.0326
 5 A   0.0301    0.063   0.0268  -0.0325   -0.038   0.0324  -0.0171   0.0277    0.013   0.0158   0.0166   0.0421   0.0899   0.0819   0.0149   0.0536   0.0024   0.0582   0.0643    0.079
 6 A    0.007   0.1217  -0.0482   -0.031   0.0167  -0.0062  -0.0428   0.0469   0.0927   0.0293    -0.02   0.0037   0.0837   0.0309   0.0529   0.0304   0.1015    0.045   0.1013   0.0539
 7 A  -0.0211    0.058   0.0708   -0.057   0.0259    0.009   -0.022    0.033   0.0465   0.0833   0.0138   -0.024   0.0465   0.0268   0.0553  -0.0002  -0.0507   -0.056   0.0066   0.0553
 8 A   0.0361  -0.0506   0.0083  -0.0686   0.0531  -0.0597  -0.0439  -0.0068    0.063   0.0101  -0.0052   0.0026  -0.0318   0.0138   0.1891  -0.0288  -0.0345  -0.0539    0.036  -0.0098
 9 A   0.0821   0.0353   0.0217   0.0281  -0.0872  -0.0587   0.0067   0.0076  -0.1461  -0.0024   0.0139   0.2868  -0.0623  -0.0106   0.0278  -0.0014   0.0085  -0.0757   0.0929   0.0479
