            A        R        N        D        C        Q        E        G        H        I        L        K        M        F        P        S        T        W        Y        V
 1 A  -0.0821  -0.0078  -0.0126   0.0298  -0.0639   0.0518  -0.0568  -0.1023   -0.006    0.007  -0.0146  -0.1542  -0.0535  -0.0521  -0.1557   0.0728   0.0874   0.1913  -0.0039   0.0281
 2 A    0.002  -0.0006  -0.0009   0.0377   0.0012  -0.0007   0.2651  -0.0005  -0.0002   0.0021  -0.0727   0.0007   0.1427    0.006    0.007   0.0154  -0.0809   0.0015    0.047   -0.003
 3 A   0.0732   0.0449  -0.0182  -0.0389  -0.0718  -0.0094   0.0739  -0.0373  -0.0384   0.0154  -0.0817   0.0324  -0.0522   0.1101  -0.0223  -0.0921   0.0098  -0.0639   0.0554   0.0606
 4 A  -0.0107  -0.0156   0.0364   0.0539  -0.0814   0.0065   0.0391  -0.0086   0.0805  -0.0009   0.0404  -0.0988  -0.0653   0.0295   0.1971  -0.0606   0.0154   0.0191   0.0454   0.0023
 5 A   0.0747    0.067  -0.0705  -0.1241  -0.0416   0.1029  -0.0003   0.0453   0.0003    0.022  -0.0065   0.0813  -0.0091   0.0142   0.1388  -0.0476  -0.0057  -0.0207   0.1657   0.0297
 6 A  -0.0261   0.0049   0.0022  -0.0688   0.0739   0.0628  -0.0771   0.0872   0.1126   0.1627  -0.0462   -0.093   0.0244  -0.0058  -0.0679   0.0462   0.1662   0.0766   0.0146   0.0115
 7 A  -0.0869  -0.1085   -0.055   -0.065   0.0705    0.007   0.0096   0.0619   -0.068   0.0771   0.1146    0.085    0.011    -0.02  -0.0202  -0.0114  -0.0389   0.1053  -0.0803   0.1036
 8 A   0.0229  -0.0658   -0.039  -0.0737  -0.0824  -0.0541  -0.0496   0.0112   -0.028  -0.1625   0.0329  -0.0319   0.0123  -0.0895   0.2212   0.0441  -0.0551   0.0147   0.0833    0.099
 9 A    -0.05  -0.0399  -0.0471   0.0595  -0.0476  -0.0475  -0.0472  -0.0482  -0.0473  -0.0447  -0.0325   0.0884   0.1712   0.1641  -0.0463  -0.0494  -0.0486  -0.0466   0.2167  -0.0508
