            A        R        N        D        C        Q        E        G        H        I        L        K        M        F        P        S        T        W        Y        V
 1 A   -0.008   0.0331  -0.0323   0.0689  -0.2232  -0.1935  -0.0568  -0.0279  -0.3231  -0.0151  -0.1066   0.0689    0.063   0.0711  -0.0053   0.2054  -0.0805   0.0106  -0.0464  -0.0015
 2 A   0.0544  -0.2308  -0.0338   0.0348  -0.0819   0.1754  -0.1922  -0.0482  -0.0597  -0.0803  -0.0727  -0.0143    0.236   0.2674  -0.2231   -0.055  -0.0339   0.2717   0.2997  -0.1468
 3 A   0.0885    0.037  -0.0426   0.0054  -0.0243  -0.0937   0.0314  -0.1053  -0.0347   0.1089  -0.0225  -0.2264  -0.0522   0.0385   -0.128  -0.0808   0.0529  -0.0641   0.1238   0.0357
 4 A  -0.2049   -0.155    0.005    -0.05  -0.0814   0.0692   0.0296  -0.0967   0.0725   0.0262  -0.0022  -0.0119   0.0365    0.134  -0.0077  -0.0956   0.1893  -0.0275   0.0454   0.0471
 5 A   0.0694   0.1589  -0.1977  -0.0273   0.0533   0.0027  -0.0564   0.0611   0.1749    0.122  -0.1617  -0.0147  -0.0091    0.075  -0.1334  -0.1241    0.185   0.0677  -0.0742  -0.0575
 6 A  -0.0314     0.01   0.1765  -0.1447   0.0772  -0.1164  -0.0955  -0.0196   0.0847   0.2533   -0.205  -0.0425   0.0783   0.0691  -0.0785   0.0664  -0.0328   0.0766   0.0909  -0.0572
 7 A  -0.0869  -0.0857   0.0283   0.0727  -0.1372  -0.0309  -0.0797  -0.0578   -0.068  -0.0633  -0.0223  -0.1381    0.011   0.0916   0.1005  -0.0635   0.1099   0.0787   0.0853   0.0447
 8 A   0.0102  -0.1625   0.1058  -0.0923  -0.0824  -0.0319   0.0191   0.0385   0.1239  -0.0683   0.0516   0.1101    0.006  -0.1519  -0.1285  -0.2219  -0.1768   0.0147   0.0232   0.1213
 9 A   0.1303  -0.2495   0.0217   0.0595  -0.0833  -0.0871  -0.3805  -0.3482  -0.3786   0.2961   0.2325   0.0884   0.2946   0.5032  -0.1747  -0.3469  -0.2809   0.4828  -0.0515  -0.0235
