TESTRUNID EPOCH: 85 L_PCC: 0.8996787019670969 L_ERR: 0.00795488817716758 T_PCC: 0.8156989410369963 T_ERR: 0.014115752471310253
180 LAYER: 1
5 LAYER: 2
1 LAYER: 3
85 :ILEARN
-0.4339319404898615	0.22688976226426125	-0.3489946822091614	-0.03423830203073155	-0.34683811157102085	
-0.30561885701942565	-0.1540148131048578	-0.11306890039683713	-0.030927491141684936	-0.029559931236878587	
-0.08759794969270521	0.07798470507523429	-0.12545082862843177	0.09033126746615927	-0.6593113649851237	
0.43098912430475983	-0.32205677514646797	0.2683059682950074	-0.017028607424221662	0.1374787404104869	
-0.013014685094880012	0.43211284099878094	0.06911840395107334	0.01869570296953427	-0.11745566826364257	
-0.22892863660447227	-0.13718563575605933	-0.17944847419035048	-0.046457096420409544	-0.3175481520840699	
0.04257128037845166	-0.45098511040732436	0.3018316393954119	0.03659083434211107	0.2291980116273458	
-0.3165010790437741	0.19899913762779248	-0.15501776717213228	-0.08548521761736486	-0.05473851976570234	
0.17761524975038875	-0.1591592263277172	0.09001584320247455	0.05239722928981779	-0.3397301739572464	
-0.03747279886670742	0.23645899269971932	-0.17221703048867362	-0.04913128313259418	-0.34173031362026457	
-0.023360921123657834	0.18188949299064772	-0.036857442929425305	-0.05283184765701436	0.21345885345202725	
-0.5680984759880183	0.37921503692901626	-0.3674718226950732	0.015301185616758483	-0.6319145382939564	
-0.2121542053403174	0.030713773829564243	-0.038873621704554016	-0.02151881834518976	-0.17836228134207585	
-0.5442471585651208	0.5481899640943962	-0.4497658007291955	0.057473171510503386	-0.5802179443145961	
0.1945933523686098	-0.29748630614375593	0.09312678011531987	0.0927225680997535	0.18244238811486654	
-0.19836950315136972	0.2159334864143826	-0.057134155133672725	0.05120252264911792	0.13552147752122692	
0.10944439259125198	0.0038496316068283142	0.08848820455970124	-0.026742615379484642	0.11056652104825757	
-0.17130120970536694	-0.11736217441463552	0.02433379966856111	0.006418531494872746	-0.23959193682863777	
-0.0371192404720674	-0.26474513262963634	0.17853960824653586	-0.033898806813520005	-0.24872406565817115	
0.1333738745119527	-0.08932859832700696	0.12318693535718366	-0.11269011396800285	0.11364638679588075	
-0.32367506133112417	0.23640408043634253	-0.12464470417667445	-0.012361165793598208	-0.2246901567051501	
-0.050334860198959726	-0.029574251905207363	0.09140882231408803	0.04347209120596967	0.007550189705626793	
0.25818653378108763	-0.5186185594855789	0.4288729955121369	0.05063700702127465	0.27146921245311745	
0.029987980389045103	0.04769622793812701	0.14141514058186466	0.0603089374235194	-0.09263580338735775	
0.3034546925581438	-0.7428955286161347	0.19472622587253072	-0.05660850593141705	0.4760398845273137	
-0.5958727678846621	0.2989597195746426	-0.4155243589387457	-0.062394750948627155	-0.7713257749694576	
-0.15739278226219416	0.10549927582299465	-0.07942684860799067	-0.0838201069729487	-0.15701234841052647	
-0.21814753903972142	0.15555283701612907	-0.09356003220346232	0.09497368921372079	-0.09032068444028564	
0.05958929887123086	-0.31611698973942554	0.0023875288191145304	-0.06954631141327673	0.02273523199986437	
-0.26258269228278736	0.2492011101346367	-0.178981665734621	-0.00403377501829876	-0.43795501156289207	
-0.28242824428451885	0.4185055221573711	-0.2079067290285603	-0.0856728689749046	-0.2453636851738973	
-0.13489410383467076	0.04504928333231891	-0.08586079639957159	0.10597476904998239	-0.11918217993599174	
0.06410619704890265	-0.3806070606568257	0.07231339101615367	0.03618243662472846	0.05188826878832492	
-0.12651673680619627	0.03977210352380144	-0.03580402618572131	0.011087360241041233	0.0064600214953763405	
0.2024147850505382	-0.29628609432919173	0.2860750002271091	-0.00011521621985673278	0.35614434719261123	
-0.10701752698898746	0.002457903862808127	-0.10089343690651943	-0.06718012476260289	-0.3419314166237231	
-0.22578818820596483	0.14494929016759958	-0.07478637556529713	-0.07119007575977185	-0.6639672638921534	
-0.263836254686087	0.139832275331053	-0.21316766704625525	0.010291935559204605	-0.3061669409676329	
-0.12782806906251734	-0.06898788596631651	-0.013358774317651333	0.05223202721309267	-0.026786275877063687	
-0.10989723447312359	0.16662776740778285	-0.2698634382908926	0.012626836263333446	-0.3754766346780222	
0.010018684243941974	0.02374146313036433	-0.012646354170900147	0.023296949427008582	-0.22437895637020774	
0.10223863869414185	-0.0541305724971604	0.0644738429227506	0.1257984097819308	0.2687265252171805	
-0.01893386231663139	0.03066578762346449	0.0066282421312219815	-0.07151096849110478	-0.05959253874959276	
-0.15217586566114463	-0.029500034754587665	-0.05666252894152629	0.08819118496598731	-0.4698191017529061	
-0.05558234176703687	0.06536035254874926	-0.04462903088377842	0.06434486053966508	0.09085523038361383	
-0.02218036756377067	-0.08686527356959314	-0.051165113789141826	0.09092450849096555	-0.05126291376493445	
0.053834136306788044	-0.27504760565788167	0.10845908747844316	-0.019275461549752435	0.2202290945328709	
0.12048111029883139	-0.06683170089777393	0.12293792208011446	-0.0016353843349132624	0.2257945636001764	
0.06612707503649301	-0.010162395968310136	0.18180158381173933	-0.04600509395863907	0.2535159651138814	
-0.021445941125215348	-0.16217253792522254	-0.019331029841584323	0.003655362506047918	-0.030804776774829574	
-0.1514454383496868	0.0440032766322791	-0.04769258251270017	0.07120253136601382	-0.2119273999530956	
0.15150476750791947	-0.24418905550488504	0.07429765597977032	-0.008686355451660029	0.1736234694333372	
-0.2705892386184925	0.22904276919150107	-0.18891088745200418	0.023795016777500733	-0.32434814327549755	
-0.048838337846979725	0.4015686809161159	0.16198487304032969	-0.033071178588777596	0.18172194979970294	
-0.19053566330120306	-0.16715962109144528	-0.20524536237348354	-0.009487839071863	-0.2976355941600304	
-0.15283310940999592	0.2731163876823176	-0.185433685232539	-0.018119024238893902	-0.3647957750601012	
0.30792634583992895	-0.15818245599279826	0.15532625453131246	-0.059131283466261786	-0.008398568326630664	
-0.17393326988098237	0.3068173562922599	-0.07120636281102666	0.0015722104662297296	-0.017953020691825035	
-0.07290598680946385	0.46489556345414	0.09527271483010123	-0.006402403326186651	0.01769662305010595	
-0.08356103439866656	-0.09897343442982076	-0.08649208522680005	0.06756489775152381	-0.11061870712401717	
-0.033434483822208524	0.14053048996022355	-0.011000028577870294	0.003086580378209636	-0.29259129895617747	
-0.06261023932301589	-0.1450369602314218	-0.08067617923006978	0.03154360980749108	-0.11396584025241073	
-0.020804135004899017	0.1707571404304246	0.011301084507927772	-0.07238712495775973	-0.03496991227336989	
-0.16299548920500384	0.039036757663483544	-0.20748517125904295	-0.05145843395748201	-0.2709564979612309	
-0.18016836279215948	0.024311588508302014	-0.1787085343400168	-0.078052463628069	-0.004627933753104619	
0.08908939035076582	-0.14601698695157675	0.15098500947820925	0.012893785430837986	0.13974420227650705	
-0.08405468374644467	-0.0755922475417672	-0.15478018357618936	0.005926413030066007	-0.032365217134941074	
-0.17592176951084948	-0.16323139843155696	0.1625958570026144	0.04695586143447955	0.10233011820946221	
-0.006052550545377812	0.04100480563523566	0.05005471077236452	0.07167330150659341	0.20854582029686416	
0.25141418043669345	0.16635729940315094	0.18771281087300032	0.06743766553243963	-0.1462192973077593	
0.16958550567863476	0.2583233134842194	0.028056879000932306	-0.03274294514778828	0.010877955583833183	
-0.03006288622246779	-0.061271274073776326	0.0753777723647045	0.05723976071682587	0.18173332067129225	
-0.06758165208721005	0.21577655483055158	0.05453796988313713	0.025318081938803142	-0.1347743826570664	
0.062452771582909544	0.12915656959533345	-0.012464131865513864	0.023823688719389686	0.15060811766010848	
-0.19705268024045433	0.018771546409557187	-0.13427023027980742	0.044234238555782096	-0.2836374671614671	
-0.07993106317414866	0.2306494576607832	0.09733337048084276	0.03619358317296253	0.11842068989755868	
0.13208193957040934	-0.028078938188956667	0.24328119465341227	-0.05586166722368614	0.05663216385908626	
-0.1104381430145658	0.07724007715945869	-0.08195561231718076	-0.07048140213283549	-0.06574806956742413	
-0.12265798527267065	0.1531339530869481	-0.11922700018390268	-0.0801118032546462	0.07684661657675958	
0.2806940813561483	0.05262211913411817	0.17669927363084187	0.0064632638948336745	-0.07750147607542894	
-0.0020436032800603197	0.2187833382373063	-0.10883512633217038	0.031122342468853814	-0.09707127846817541	
-0.011668797554208878	0.08958511117500653	-0.06999717313334104	-0.0761124004377688	-0.035992040441103317	
-0.09373196782160322	-0.06626322016066917	0.04988218614182108	0.045372457039780045	0.15381697230473484	
-0.18930214549515892	0.10129445480199468	-0.14211391107454688	0.0720378315508935	-0.23707155291795948	
-0.07757827557097197	0.044622048307039336	-0.05198162754697601	-0.08700882533869991	-0.07057910628638535	
-0.190459825000286	-0.17780459751466599	-0.11667921301054934	-0.014726699164458635	0.048787180141336484	
-0.020598394148686548	-0.08265085379590444	-0.11491349681172223	-0.006705215152183046	0.08121906658972851	
-0.06965131538456698	-0.31534974356376755	-0.0722017054080581	0.06222269916980951	-0.0037883714095930158	
-0.05536010991745073	-0.24120078005053566	-0.09314463358549857	-0.08804185555656117	0.32660967504857713	
0.12009406857133864	0.37886443771029027	0.18008280842743637	-0.08133092650641238	-0.20860510215521755	
0.12488648918098012	-0.08221458591357297	0.25266662947033286	0.09423405414700736	0.10857847286723994	
0.02136952235481696	0.0842627334003431	-0.020862713498100104	-0.04715335460825285	0.12475517609767106	
-0.11020693721408022	0.09643498508508563	-0.09104367402315038	-0.0471159415439093	0.03782202706855018	
-0.06805769805425885	0.20765926852766076	-0.09881886551575346	0.00479394897386687	0.07788134828606648	
0.17502740138736597	-0.010374837193508759	0.0018337306380430797	0.019809341130935954	0.2992677084910544	
-0.17958023232307951	0.21347188533128333	0.03888488779505185	-0.08898775533368863	-0.04154153928793424	
0.19940086963689158	0.3702432904341299	0.20653820901839925	0.03930848011898121	0.22952502730881955	
-0.14600876018501685	-0.022584413335734153	-0.28779343721886635	0.015920389977682102	0.020349886168890843	
-0.13816264932990324	0.27538113420509397	-0.1382094057960676	-0.05732099501870169	0.17530588973630473	
0.19173223886855062	0.4703541783193306	0.23233508986631926	0.06805590017670614	-0.18701126721026526	
-0.12519539402119995	0.20573143001916028	-0.03684017893938509	-0.053389955264830605	-0.2064913304519231	
0.0720294328368729	-0.04016915590479623	-0.026484145551022614	0.0763234469535695	0.13509592491988948	
-0.0965911243419929	-0.010055599998576154	-0.31587679418310677	-0.022979651174051006	-0.251496204911937	
-0.015638963272739937	-0.0021522701704669986	-0.33302066895777804	0.04596600125434316	-0.14066288831611182	
0.2231280603181884	0.041694647298592395	0.34923769568521434	0.06927089596145085	-0.1423346367473055	
-0.1471097224060533	-0.11718299689318146	-0.1806537224354701	0.012627226979420668	0.002108620570365262	
0.13244087901534302	-0.1996194101744625	0.04530553623506539	0.07391660498880351	0.0771708808618598	
0.21036521988543214	-0.2549324781689878	0.003167709510439316	-0.07571638580263014	0.1886702139559167	
0.045891509413174686	-0.008333325908861662	0.008920454687900923	0.005157578800750914	0.0533489805969068	
-0.1312376487081225	0.25507710282485263	0.13502953194359185	0.0673169091802336	-0.03515915814727632	
-0.28425258386956803	0.23073746311583385	0.05778223181155639	-0.05077072428122922	-0.21242979108384394	
0.10496911485902968	-0.21099612772192589	0.040845066769121835	0.09150821804761197	0.1762735607730847	
-0.3190347740118546	0.30412141848397006	0.0681019437807246	-0.12418512351960409	-0.05646764534661784	
-0.4651711925177033	0.3768128410980801	-0.10328222133785786	-0.013182792732424157	-0.7685602886558653	
0.014001478429314419	0.09808716424872137	0.07059717230458991	0.05511446716433689	0.20961268855568602	
0.08235161830872822	0.010022551744945258	0.01879079991781466	0.050943871686112786	-0.3626754803927363	
0.04940647135383097	0.01797768197457009	0.10228961218179962	-0.039139993772633094	-0.1795217766145887	
-0.23344691118163546	-0.05885732055984669	-0.16056526474527794	-0.06764199188548052	0.04635032681571905	
0.2921709518984536	-0.2644921279410325	0.4151006956266912	-0.08658670229423115	0.31256582800239835	
0.2093315684745042	-0.09071925793519506	0.3935187011216119	-0.12129855288028671	0.17844066838250083	
0.11127275211183718	0.31393317389841796	0.01780785034688825	-0.05471251229529744	-0.029334988573120523	
0.18456296478876544	-0.005857218258993451	0.007757441836218935	-0.006287974395089162	0.1717108398744146	
-0.09996320340382728	0.05918582762601447	-0.04914848203582478	0.007378674240956758	-0.020684010423606892	
-0.08656324907123934	-0.1801012508817339	-0.14799849750032715	-0.003797923791404744	-0.09332991368226161	
-0.005255509364448906	0.15962748342498695	-0.0641840602286298	0.028773499018541055	0.11889687083857742	
-0.21861567922182462	-0.007232886459602245	-0.18437110214139885	0.04698721932569107	-0.18083278280111267	
-0.25325676839909933	0.03510731131236452	-0.11190818895414636	-0.002089550270500719	-0.1406433165989374	
-0.03364490900251786	0.1401675500756445	0.001673497729980069	-0.001788045158321137	0.12581764648147115	
-0.048132050162681246	-0.17869037602177754	-0.0373627771519067	0.014244740849128024	0.01697307370390709	
0.06842688298311293	-0.004091443736839094	0.02406592380860757	-0.009032753186529793	-0.09845270602906171	
0.020394581573706074	-0.040704910571948506	-0.0016764914240460988	-0.08969451998191334	0.0755530816796959	
0.2356275485256253	-0.3615912714236292	0.10711982357602294	0.08048364178983461	0.37381721972702175	
0.0479512215999703	-0.04833276778113868	-0.17212927628311445	0.005105963349707235	-0.17984983040073146	
-0.17106825539577347	0.2147364233123869	-0.24663445579382728	0.05472402376585887	-0.34895824603221026	
-0.31854140202343006	-0.14997442445346007	-0.09969813178839038	0.046269936047351634	-0.30586696815232584	
0.09082574888321075	-0.10516080571611096	-0.16449141483409993	0.09120545404547095	0.15425139109726096	
-0.21633607554640896	0.1837057902114415	-0.26533503945617315	0.051255330261647435	-0.35260640669696747	
-0.07757074670102852	0.10429697124707503	-0.058361636342228684	-0.04115754745799726	-0.23339381585948415	
0.014687031561748705	-0.21704355632053618	0.15395864926406738	-0.07050072008102301	-0.2120878436820786	
0.09331969265737929	0.0765241774879376	0.1829173089429168	-0.0006468356713640816	-0.1729637252090116	
-0.28709792450606614	0.06834221744649	-0.08349746939020601	-0.04127278318950008	-0.04649353204357509	
-0.0195716254801416	0.006232507622323269	0.10430277295748067	-0.01898005286704967	0.2355704123400901	
-0.08971331765451526	-0.12926338930845407	-0.1380061477424857	0.03975881886637126	0.1306979575125424	
0.17724345324101537	-0.3403764443538413	0.07041072114136526	0.045331833589047174	0.2453183912391432	
0.1002135421703783	0.29640212250994796	0.10947213572644499	0.06518303345315325	0.3694755225477501	
-0.0010578892646549787	-0.17713303280727558	0.036187896495392745	0.017387369155823316	0.24016832381900766	
-0.3336981380728893	0.14026081586761685	-0.1328677012195475	-0.03274865301475701	-0.1902807163936473	
0.007676111442561766	-0.24623601084301122	0.04864530663542047	0.05339857046410633	-0.5581556828753949	
-0.003430259453416032	-0.16933154344738136	-0.06816746535650571	0.09055059909135414	-0.24355426794685764	
0.18182848866507934	0.10279032288690013	0.036040235216083495	-0.039463675082328224	0.3639214600237656	
-0.1394416715821543	0.0336457666546991	-0.06986063183414973	0.08463329855429255	-0.21139161939059933	
0.06316284645739384	-0.1606639415159832	0.13810339900982377	-0.010003719809115118	0.1287621128913247	
0.05010195515940809	-0.009604353862223027	0.050251370150647165	-0.08254382054950159	0.048114038452817	
-0.17894417278845676	0.17090806037281814	-0.11680074718410764	0.04101382585600498	-0.048475063628422785	
-0.008953917392524106	0.17244708705119252	0.10293909944712033	-0.04051799200386839	-0.34463843825048746	
-0.29451591974475594	0.10224436359770016	-0.26103596134153	-0.019999194904105646	0.02795451317083297	
-0.10022627517521357	0.35056382926718443	-0.11666638680665525	0.09518878423088924	0.30209478643161447	
-0.08736963540351618	0.1712777235144448	0.039700104847703144	-0.05774772105423813	0.010965961796816713	
-0.009856407998468895	-0.11713284758047911	-0.0646796021359715	0.02680700862766819	-0.002274408580222917	
0.05929075012851538	0.16027337429952407	-0.018640667739014537	0.011948988601376	0.36751596478463666	
-0.4503863883098381	0.38305990040867754	-0.3872921664345111	0.06826680305370669	-0.7474380671615402	
0.001099208737730645	-0.026101379867825167	0.017516301194594484	0.08179326671172044	-0.07570066824624312	
0.2242797462940227	-0.3722563598569832	0.392485497349644	-0.020684238312567917	0.5817959985034273	
-0.07749715800360303	-0.10968595325560206	-0.024004000574137686	0.06689660339188312	0.14381549672709104	
0.2150248749471912	-0.44121534707661575	0.2880512958831101	-0.08367691192830057	-0.2463145366441295	
0.10296983493373739	-0.02548562198860863	0.07239643990590147	0.05879828685002144	0.30189822130011174	
-0.18184696865472524	0.20344764568186616	-0.1720576706853362	-0.03905270408585646	-0.1968297517099092	
0.029625036044137097	-0.021298220164802824	0.04256664794809332	0.0016279393737402886	-0.015744495369903362	
0.22453957200762914	-0.18380298061366027	0.2710962988760455	0.10586261615447735	0.5173121488920402	
0.07122931108132785	-0.0209783748296819	-0.17347792849456684	-0.06076245654601268	0.10878361034110492	
-0.34422477231076687	0.7301112709044679	-0.3800653324022351	-0.06936416035574337	-0.5459914588218623	
0.37657775471250887	-0.2231428276643318	0.3280644019569699	-0.037648878501898464	0.5179876242078474	
0.28031197990701395	0.238641256910116	0.12332316475609058	0.010095920179281072	0.4742640015973375	
0.3444122565173493	-0.10448950311907669	0.3203183215189768	-0.07984393494157156	0.5402142560371703	
-0.015744129583138807	-0.18403919551296888	0.06725344588457138	-0.07108092948921796	0.2422252338271743	
-0.24889795516472527	-0.04005791001544476	-0.14880723291667916	0.05707987108979633	-0.06251046362421225	
-0.26964272813322704	0.033651723750259065	-0.2096245510381213	-0.021024927351089035	-0.10754802945349318	
0.018854061599687798	0.16340662576452133	-0.06414053231436838	0.05670790693523211	0.0935246886925867	
0.20794279823541356	-0.14290730493515502	0.18708056602118092	0.009513490990866392	0.4996971378625375	
-0.4822987349682658	0.33834281195710647	-0.5304072971928562	0.01512700980501144	-0.6423065127458691	
0.04381748693292316	0.03636649977513764	-0.06583696606624768	0.07991736901473188	0.10573325305632165	
-2.0561724521252764	2.7232207566770747	-1.8778911099133608	0.10363964234094672	-2.916244266769012	
0.6426995585430203	
