            A        R        N        D        C        Q        E        G        H        I        L        K        M        F        P        S        T        W        Y        V
 1 A  -0.0344   0.0481  -0.0999  -0.0312  -0.2913  -0.3586   0.0158  -0.1778  -0.0513   0.0323  -0.2819   0.0293   0.1683   0.1758   0.0425   0.0624   0.0898   0.0106   0.0127  -0.0293
 2 A   0.1649  -0.3096   0.0189  -0.1499   0.0681  -0.0312  -0.3204   -0.083  -0.1158   0.0932   0.1578  -0.3235   0.1818   0.1643  -0.1917   0.0392   0.0745   0.2115   0.1619   0.1866
 3 A  -0.0013   0.0192   0.0584  -0.2976  -0.0043   0.0846  -0.0073   0.0206  -0.1026    0.027  -0.0515  -0.1865   0.0796   0.0333  -0.0902  -0.0621    0.023   0.1316   0.1576   -0.253
 4 A   -0.072  -0.0517  -0.0366  -0.0423  -0.0814  -0.0437  -0.0306   0.1662   0.0547   -0.062  -0.1819  -0.0184  -0.0605    -0.01   0.0332   0.1859    0.152  -0.0275   0.0166  -0.0372
 5 A   0.0694  -0.1164  -0.0741   -0.092  -0.0674  -0.0807   0.1405   -0.004   0.0506  -0.0465   0.1106  -0.0343  -0.0091   0.1714  -0.0013  -0.0706  -0.0246   0.1433    -0.09   0.0699
 6 A  -0.0018   0.0652   0.0018  -0.0359   0.2072   0.2013  -0.0397   0.0073   0.1161  -0.1548  -0.1264  -0.2798   0.2101   0.0547  -0.1189   0.0137   0.0822   0.0766  -0.0494  -0.1394
 7 A  -0.0869  -0.0857  -0.1134  -0.0605   0.0652  -0.0531  -0.1207  -0.1058  -0.0271  -0.0128   0.0676  -0.3467  -0.0139   0.2463   0.0545   -0.118   0.1855  -0.0663   0.1513   0.1609
 8 A   0.1094   -0.056  -0.1711  -0.2675  -0.0824  -0.0513   0.0492  -0.0208   0.0249  -0.0509  -0.0125   0.0785  -0.0811  -0.0952   0.0121   0.1873  -0.1572   0.0147  -0.1153   0.1244
 9 A   0.1064  -0.1729  -0.1248   0.0595   -0.106  -0.1633  -0.1602  -0.1818  -0.1414    0.203  -0.0504  -0.0818   0.1306   0.3015  -0.1565  -0.1803  -0.1745  -0.0627   0.6422  -0.0512
