TESTRUNID EPOCH: 99 L_PCC: 0.7615722057616717 L_ERR: 0.027145494577385933 T_PCC: 0.502296387854726 T_ERR: 0.036114821385792625
180 LAYER: 1
5 LAYER: 2
1 LAYER: 3
99 :ILEARN
0.03925815827617352	0.04393645235997075	-0.0249009043301925	-0.0026853489159204594	-0.009392855615485326	
-0.11615933835426924	-0.0625896028751519	-0.07819098650844489	-0.04363267759859472	-0.029608756036592725	
0.010220134781278846	0.036741017532491725	-0.025118136471650804	0.09208465704294012	-0.06573200242481604	
0.034093502035680456	-0.01653903952657461	0.011737965689150337	-0.07192261228095326	-0.06037970218302424	
0.05199897143107869	0.09337795848393947	-0.04868702533837338	0.03216236375788564	0.06598434883240131	
0.06387979738044577	-0.08325205331971502	-0.1119988563984908	-0.07606584367937219	0.060938117176549206	
-0.06667793860138249	-0.01590009622630012	0.11023998572856268	0.015714231517792037	0.05373061431302398	
-0.07912417460310615	0.03748390876943773	0.007514970688517132	-0.12572173232431783	0.001113193631683377	
0.08985922225920921	0.049565027283703364	-0.05426960537610589	0.05273570806997265	-0.0875341636099128	
-0.007098160967936349	0.0814027890983805	-0.039174280171346824	-0.04287732811438168	-0.07052898883571262	
-0.07999227183316784	0.03558977895658191	-0.03618171587400661	-0.036745095430563555	0.0156437054037654	
-0.14137880196819902	0.014402029855351842	-0.13589800939033736	-0.01905848807943352	-0.02044552764675109	
-0.05454662434308814	-0.01753171557176027	0.07234332444862353	-0.0006572542803258624	-0.06245987415969095	
0.03700455692176323	0.03257008844379457	0.03961129166238937	0.10676318821202775	0.048725388049713256	
0.0800229736567546	-0.07260809376532541	-0.07275768092938154	0.06107792378952095	-0.020997942013529308	
-0.10222804221608411	0.08488497031863512	-0.07205930515668395	0.02439005304479664	0.002329632524780451	
0.09172118387735134	0.024693596595560148	0.07000470823035113	-0.020115925864180303	-0.02891707240312725	
0.07917724363921338	-0.014381762025741013	0.09296800942967712	0.03268829956368963	0.024339144041824357	
-0.08184293775746442	0.08984289969351954	-0.015879451980994594	0.01194732697362962	-0.024745431723441687	
-0.047360814620327665	0.08084530816408621	0.023442291630532068	-0.0964100905440882	0.02878973337313505	
-0.028400485975996086	0.005302351809711934	0.0857413824804678	-0.024453746185290375	0.08854325738467636	
0.024672023158360548	-0.09683575143068875	0.08588744674875226	0.03817938350338479	0.0994645700902961	
-0.068467378295248	-0.07268216571635926	0.08274704298855541	0.03738765546564384	-0.09001025551071011	
0.05109261052049327	0.050775237692249287	0.08460490710929666	0.042304951725694345	-0.07514580760556706	
-0.08409791269265057	-0.09502761377982691	-0.07851569886264816	-0.04278996829861912	0.08535709795730154	
0.15059249505969888	0.010267341083958579	0.25890258607791405	0.017143858796911625	0.11275722693740604	
0.031249091459673486	0.0937687643066251	0.031224909197899182	-0.08716692767588624	0.0756187637833642	
-0.029776232146994923	0.06122218264879543	0.009308457350446967	0.08818162643177871	0.07501191978526162	
0.011248046798083777	-0.072708954867863	-0.08801646209755767	-0.07573130885185253	-0.09108962429104767	
-0.08988644062518174	-0.05492895443061792	0.027129120157148603	0.004083431665862092	-0.11046006070566876	
-0.10047237105687715	0.09340804854186836	-0.006938450850060801	-0.06953599274744905	-0.06628300790086848	
0.04876517081501858	-0.06091410377813625	0.01627178545465155	0.09400399781766247	0.06936576029800706	
-0.15158679380512835	-0.0013328775485185107	-0.11342224869698235	-0.002859416250318399	-0.17830986657019934	
-0.011253708981447324	-0.08651510474777006	0.11211280477216079	0.07629712459937302	0.10791092566468245	
-0.03652751813556786	0.09772323088248977	0.015949043849159378	-0.023971765475289925	0.01018964382357937	
-0.00558873632000451	0.03335058883922269	-0.1153062398285958	-0.12501901893473288	-0.08944328585879714	
-0.03658547078333389	-0.057940943994354115	-0.03648774014419063	-0.1299654702167738	-0.11950771832633038	
0.05193968714512557	-0.06131164650045173	0.01584832929927777	-0.0008826137677910417	0.07530685188796021	
-0.07630620014544709	-0.08714029372403388	0.00859996288048947	0.034101109007373655	0.049760825107515096	
0.07621213939500311	-0.09745513442471382	-0.062239953954283514	0.014706694215333327	0.07555403174665042	
0.07850305055991245	0.011064835896900495	0.0673436397186413	0.020234927091493802	-0.03512067684109	
0.003143803402157162	0.020858721827554858	0.01787541922972992	0.08916816236757218	0.09031536569213214	
-0.03587662504727016	0.0921349982844521	-0.08724548373532086	-0.0871119361000405	-0.09054697998627377	
0.015322992853556249	-0.09597984698724375	0.10829986665731914	0.07465686215727488	-0.08134620932050415	
-0.041127039643467686	-0.033824880272633424	-0.042145771751352284	0.0771140176574596	-0.004960966115783619	
0.1180660357211493	0.01623187903203712	0.11675948416607633	0.08864510651770591	0.11324952473471886	
0.04500703811517274	0.00871944415936435	0.13043209414300008	-0.008615797631403086	0.056825173956684634	
0.04389325276890858	-0.09693568668027713	0.050556349940921286	0.0026563511306806125	0.08822419721274564	
-0.08139956727161242	0.07875576523525334	-0.04678819931156618	-0.09401006421581867	0.006349791881281623	
0.023717573593370293	-0.08962078568404987	-0.015739033551359638	0.035389063431750294	0.08342941634987855	
-0.02094320350537596	0.09524754704911689	0.08108587172162507	0.1448838822884552	0.10742147839594096	
0.05131108588130978	0.014978628368360482	0.0062449031790634225	-0.052230372675126126	0.0019313000839830683	
0.03392338934852423	0.07172866088967796	0.029460472745187177	0.029155963958014088	0.05538967239389166	
-0.05721677084803823	0.03393272468528447	-0.03639781339779837	-0.03895205652160449	-0.04317915611362149	
-0.02916897882657055	-0.03654112377048103	0.011983360969255438	-0.020931367280332864	0.08366756946081214	
-0.08652166382635618	-0.06054927375460389	-0.17149679020228764	-0.11533733967351152	-0.07808093685367387	
0.04747987780708899	0.08082496102683324	-0.006672675005970247	-0.06510821429644927	-0.08031244412112001	
0.07097958853948047	0.0055429292617493325	0.06043221680091962	0.014497703438321269	0.04662850505750221	
0.03521383472554662	0.054042200540776096	0.05639149287948369	0.013827114365076549	0.003685569170916406	
-0.07609093874856603	-0.024439256547560656	-0.07009059559706848	0.10344615366654066	-0.052335459749476884	
0.07635207524192059	0.0748056370992577	0.057093174139977505	0.023020556891385425	-0.05200128475997635	
0.015686652490743528	-0.030933550586682446	-0.025503538880822997	0.033290905210204336	-0.01272489277772429	
0.04892807531095507	0.08174181331298117	-0.09437593965283084	-0.10183596276424703	-0.10097057789324683	
-0.024560221662276335	0.04506614168542472	-0.08480644845744052	-0.06956944869689356	0.03972890128668107	
-0.01683025634649453	0.023337013431047243	-0.05326677215214999	-0.07960654811484053	0.00317140339370596	
0.07688201812518365	-0.07006057755792333	0.13365403247247568	0.06185093133650202	0.1194114087865687	
-0.06482035830548333	0.050196294785238876	-0.04703720942170255	0.007962666687416275	0.06389543284504033	
-0.1115918833588071	-0.034880030070673654	0.052933217263026494	0.05844826203111303	-0.00902598338078679	
0.040014410632579406	0.08985119476440147	0.01807719981833636	0.046767274943756335	-0.11717981717353368	
0.036577824093695664	0.04051537385405181	0.03197327038931277	0.06333799505357982	-0.08664143797851055	
0.08834621719010918	0.04577078560135708	-0.0012017682340326092	-0.02728179072653421	0.06315450889239144	
-0.021421945574120034	0.059344521466847905	0.002017489370454799	0.06253704142018197	0.10858969463008858	
-0.03995033209321999	-0.07139883434838012	0.08026168726985478	0.00831187577747465	0.09494807417101644	
0.02490961691635795	0.09874997287874768	0.008512647004734352	0.002626083337824124	-0.07671616823043391	
-0.019958695570169833	-0.09483448457115679	-0.055459655744053475	0.055336937778335614	-0.08333065744753687	
-0.04932436709316162	0.07264589430634696	0.006115432225963798	0.0230423365767566	-0.08610633699163707	
-0.07125514616341479	0.015667405428624503	0.015676329799696354	-0.10075992982127555	-0.11766558200928828	
-0.04756538324541762	0.05003448265959856	-0.008604934512861442	-0.088614112317781	0.0017032481220479179	
-0.05760796707126481	0.05972084895204205	-0.040533723698545555	-0.09447879760909927	0.018686489892924207	
0.06826615301426239	-0.02382798868113232	0.046049975996132524	0.00027949590435623014	0.005574179461716413	
0.09188686421235048	0.060792178299729355	-0.09353538667528521	0.041877450246259024	-0.006999703687298783	
0.08969341655814346	-0.05583324507124493	-0.04634658334741253	-0.0836407673177768	-0.01408409750664008	
-0.018364885924042805	0.02659319271865417	0.1400296248467314	0.07856417662097752	0.11842542802763313	
-0.025076834836630382	0.06909920686094655	-0.005560774856361084	0.06901804210006054	0.03239456285249424	
-0.06907907280603885	-0.08419616805512839	-0.09325858420842634	-0.08505528930284297	-0.005628318219720373	
-0.0376862081515624	-0.09443882797176575	0.10342565074039278	0.00502079048210878	0.09373820362255456	
-0.056034145499870035	-0.010492204835868445	-0.06219954694762253	-0.03888243561810034	0.006201860161637633	
-0.01801940744104524	0.08092001519547734	-0.09057536342655077	0.055780997496927436	-0.07316170292504279	
0.029903069167807838	-0.09797829478649514	0.016045698432875403	-0.09547620893873439	0.09705219713503618	
0.06446356324103152	0.059380987184227706	0.06092940664294335	-0.08154243375444453	-0.08620595383258822	
-0.16780270487297458	0.024161701188937644	-0.06691276191643977	0.023420805863567085	-0.07593823171833111	
0.09270910005597913	0.08157696263541274	0.042475679698040426	-0.0199700520429321	-0.014567629110172361	
-0.10684083354620004	0.06245502208554231	-0.1093815266080617	-0.06826700534300735	0.028286862648539718	
-0.03276041444043308	0.0958854207512508	-0.03810220812399166	0.0073670822589867796	-0.034181638644534114	
0.08558131931486421	-0.026799099768899767	-0.007781635138280324	0.004872589097358754	0.09196267532169626	
-0.026990111322231516	0.04312131086620263	0.1679854174614272	-0.051164526250648115	0.0776835961628168	
-0.1015134391221117	0.07172440509582105	-0.07742653419335455	-0.007295063226156415	-0.08402182870451927	
0.014647291755308241	-0.04193993494989337	-0.11288253476656675	0.008190970226969522	-0.04960140806876519	
0.015379580239616261	0.0830113594554088	0.00111796123347219	-0.042552974498751214	-0.012389739523465188	
0.10330793283901499	0.08713254540934623	0.09166460647139721	0.0949910852895997	-0.03554807183587902	
-0.06885086345727434	-0.05465967397037279	-0.018462597078727636	-0.05596565020554907	0.03677402391742142	
-0.06010324865985063	0.06328284272406463	-0.12165361535786628	0.011457023689324717	-0.09996884554261597	
-0.021349536913555553	-0.030814298897619396	-0.13290557294539718	-0.08038287804060179	-0.010542603669969959	
0.03631184835446504	0.003892506425267552	-0.015882023650257576	0.03806207570266277	0.1399207787910333	
0.05792017164703911	0.018909355218052846	0.08787132406048458	0.0767835635121372	0.013340960865205354	
-0.07899689281938592	-0.0814683440255902	-0.06680532086701428	-0.00020316503109084837	-0.007302738727913106	
0.10101567683683256	-0.06640671611651676	0.1025233533145485	0.05742685079888405	0.07141624649031048	
0.04451387119653053	0.03370664780242243	0.018696376508973347	-0.08566981090168321	-0.009961774604313542	
0.012831148804208303	0.04606361246894985	0.013306267157265147	0.0008845866798228246	-0.05707959926734918	
-0.1511777956778565	0.05077661602481294	-0.10196906975530558	0.05846264389218197	-0.11790391247604444	
-0.016255060336921562	0.004529877679090918	0.07020450400730359	0.0011158039977019565	-0.05987161469452478	
-0.03078880154412708	0.0006646998840489837	0.04346135327099557	0.05727083049737378	-0.0659201553004808	
-0.15075085131102997	0.003775729296383264	-0.014728257451414924	-0.1359224231753041	-0.026509420789295808	
0.028045408114177953	-0.010412672954532414	0.07007190238568631	0.0219389250818695	-0.1097194160304988	
-0.0031143108971248834	0.07186356121952	0.0660799140074679	0.029830839422495592	0.03473968477972633	
0.029412327659285132	-0.04534423867245287	0.03050504755060346	0.043287309810244555	-0.014342031017526397	
0.10707341428767993	-0.06105426801434956	0.09684302266822209	-0.018392277284207607	0.09413376921853012	
-0.014452534132784758	0.061539681822441905	-0.02929302746640193	-0.057261352474083774	0.053456901684353325	
0.0165112766245216	0.046433845244486335	0.1206445229925585	-0.020090401387996934	0.00278895292086018	
-0.098554742136072	-0.07150977890733345	-0.07461540396315937	-0.120691276503376	-0.12053519613777153	
0.0349128047526821	0.05995530737947727	-0.08389409457432283	-0.05365953790284159	-0.05847486763923713	
0.052734469003380295	0.04219580810627387	-0.027963079081227502	-0.060222904304263386	0.031439836448193266	
-0.03832299236822412	0.08436268824777315	0.008329846389406799	-0.022797393161364556	-0.10426840951374028	
0.13249539922260803	-0.06847632569856545	-0.009495113003734226	0.010588754835940673	0.02200817002621737	
-0.07945133199450749	0.04597881207452405	-0.07404820046417962	0.023185055534996224	0.041552219520577936	
-0.021104811117295792	0.02017906310843628	0.0986379798713987	0.051555282040584606	0.060090114020438665	
0.04652999036887355	0.04599947474275927	0.2045327343207707	0.041997438286526904	0.1524356729188442	
-0.11282884360924109	0.06702857347196327	-0.09430167536940068	-0.03712298979226699	-0.06657739865100636	
-0.08397927123879015	0.08092620058724859	-0.02596916448925235	0.006139487695227902	-0.0011767468207349863	
-0.07954980884310271	-0.05865451638623933	-0.09277066317713283	-0.0022583636699576018	-0.05396393679918111	
-0.061773789240519385	-0.07863178792361637	0.012851183371259992	-0.10115465819884376	0.06034689109655063	
-0.019508697759592044	0.014083487187400458	-0.03013373873601368	0.08677370612874238	-0.012155078093285194	
-0.005804470764775004	0.04794468647962545	-0.08548237893593554	0.002357470092427949	-0.06964781507173608	
0.03739002743751046	0.04415968808700237	-0.08257050124376271	0.060815995264008806	-0.11253592079222992	
0.041088056831761366	0.011693503523252664	-0.06344357312989227	0.03005263862230966	0.007535796912059922	
0.12120489475985194	-0.044643297404565886	-0.06568100425123953	0.10138677914810791	0.09668533366116322	
-0.004497254428610397	0.0032718225470450735	-0.028531035945667003	0.020958003755067057	-0.08041223829090013	
0.01468416007057071	0.05001353191212958	-0.02552629998371992	-0.0473429548378432	-0.006458990371080106	
-0.0788970053174032	0.054816407097299624	0.10495431347227081	-0.039610325607955896	-0.05395661537825353	
-0.04241435642831299	-0.03963526405175254	0.09489417576207233	0.017512088711918193	-0.027782437401589234	
-0.07232906204141071	-0.04197110737909167	0.02277421794825052	-0.03517229402051068	-0.008527963661800309	
-0.015597958061349664	0.06555649080989594	-0.02038296901686403	-0.033721786794148036	0.030275076293983745	
-0.11654160676373093	-0.006780854608175542	-0.1130498674436783	-0.01780177922415044	0.005006317826343425	
-0.003809201966790514	0.05678781425629008	-0.00017417399822093821	0.03469632182787007	-0.06668352485489626	
-0.013403698606470366	0.08186239773098733	0.021095800206186927	0.053354917447420436	0.0009401216191788631	
0.03270760734211835	0.06817614975629643	-0.041167528508589825	0.036284503653810196	0.12410402619576062	
-0.026754567913951123	-0.061170587671353374	0.027452987143504894	-0.07047760427735544	0.006809191889904295	
0.008052188079379977	0.08976725765604393	0.024867340480535183	0.06759559240954588	-0.09841342476109538	
0.06399415332200148	-0.08447984901302767	-0.08148391968601844	0.06638368952744449	-0.13567848050907846	
0.11227354595279107	0.07195738716521409	0.05220379995880868	-0.0178570182937	0.11274321716296007	
-0.040032045546754165	-0.07342912679005052	0.036729549962523686	0.05401531064464272	-0.03971402241538137	
0.09889028682395495	-0.016602912351074275	0.07226052004057677	-0.003187030352183691	0.02970015205203918	
-0.05920351128099892	0.09294711457725105	-0.03756311808455718	-0.07731344350925916	-0.06758540387645123	
-0.18908541154668018	0.04284252619411871	-0.1099511142482894	-0.006637621091917497	-0.10700267575590944	
0.0371309051974068	0.03921611420960915	0.026883317146957266	-0.0323499621234653	0.008346214533831026	
0.0065078377244375115	-0.035913061871187944	0.028999855866292546	0.02768321971371356	0.025677354616177876	
0.01992829350384313	0.09493551139450919	0.01605604291228018	0.12164871904704683	0.07031747356232979	
-0.024981796321217803	0.07149689981671933	0.02391734787371476	-0.04959338397383213	0.05857113559537752	
-0.00020958721941951995	-0.028750572838427853	-0.0161149517338558	0.048037896054861966	-0.03163713213885822	
0.08934061949490756	-0.04108178804537671	0.045858776908037274	0.015627459463294913	0.10181083272833023	
0.0920940753845738	-0.06307774127551766	0.03665029039569351	0.08904461266536394	0.004611296350416117	
0.08437366109676309	-0.044201821908605825	0.02176623483875914	0.036490741953363076	-0.05435885332990318	
-0.09724649748845665	-0.016655207525860777	0.0876963783713468	-0.03139437803391869	0.055948859096520004	
-0.06505273743451852	-0.031609432739509516	-0.07108045583238065	0.043354162829275206	0.03986152473936283	
0.037699463589783766	-0.04932079310274007	0.038472024324681775	-0.05454049181681009	-0.015070176813732059	
-0.025615575666462553	-0.02893841767597556	-0.08846903855174873	0.02632932537318794	0.04146332053633989	
0.022717738900567122	0.0296625512326249	-0.06601185715654845	-0.07011064021222752	0.00283500870517657	
0.07506654527090781	-0.0632093116905556	-0.007432176258348022	-0.014213533194019412	-0.0005421628160967307	
-0.06769784590279762	-0.031511871773037894	-0.04762391917929596	0.0689053886458958	0.06006644915528034	
0.1391986686579434	0.021188666132439235	0.1336318782039512	0.10160627248582174	0.12948843846957678	
0.116631294322075	0.03383383837953688	0.08641814231491021	-0.04602888023544575	0.045309442465244314	
0.09731455591737631	0.08965983481453302	0.029017128052088725	-0.06965502579360527	0.027825369743981004	
0.026661268521726976	-0.006321442777521822	0.0038959679429595518	0.028732753795905303	0.0848692103803178	
0.06191229083257839	0.015988415686136955	0.10060004226411165	-0.07914273968820838	0.11232619355635337	
-0.0894010914664021	-0.06010089077228773	-0.015449467671087819	-0.07849822476296647	0.02473408219954036	
-0.09040148719022655	-0.043075223798611575	-0.08779266377606579	0.04070386622101624	0.03369123351789641	
-0.02428388134987955	-0.06236114799403576	0.04940096580598902	-0.03192414184690655	0.05906023348112857	
0.022712237764186453	0.004994256169440032	-0.06088363308689392	0.04532604729090294	-0.0018525182190488234	
-0.3198687614566371	-0.01523462644523737	-0.37520980862333936	-0.19273662189025	-0.2096341694464543	
-0.0350602176123765	0.054718872151243665	-0.0005915131872613172	0.07207719987307863	-0.03811198296801963	
-0.06120415474633056	0.07929656276783384	-0.10293290825302909	0.06908302421410326	-0.009724964143337756	
-0.4766283056253103	0.12232241813235505	-0.6388122681760826	-0.2515504002650513	-0.46780571998886056	
0.16298378708203215	
