            A        R        N        D        C        Q        E        G        H        I        L        K        M        F        P        S        T        W        Y        V
 1 A   0.0512   0.0138  -0.0628   -0.172  -0.0286   0.0005  -0.1516  -0.0527   -0.058  -0.0214  -0.0722   0.1258   0.0927  -0.0473   -0.143   0.1295   0.0853  -0.0384   0.0006   0.0809
 2 A   0.1249  -0.0933  -0.1316  -0.1151  -0.1992   0.0541   0.0106  -0.0402  -0.0094   0.1777   0.0583  -0.0728   0.1538   0.0036   0.0472   0.1756   0.1694  -0.0585  -0.0122   0.1553
 3 A   0.0697  -0.1458   0.0519   -0.052  -0.0158  -0.0111  -0.0419  -0.1192  -0.0394   0.0449   0.0045  -0.0058   0.1076   0.0955  -0.0704   0.0281   0.0063   0.0257    0.082  -0.0359
 4 A   0.0441   0.0221   0.0564   0.0159    0.019  -0.0139   0.0255  -0.0361   0.0304  -0.0328  -0.0051   0.0151    0.099   0.0234   0.0183   0.0205  -0.0025  -0.0166   -0.027  -0.0028
 5 A   0.0365   -0.003   0.0088  -0.0411   0.0564   0.0259  -0.0465  -0.0087   0.0218   0.0071   0.0433  -0.0201   0.0647    0.132   0.0004   0.0445   -0.009    0.081   0.0107   0.0403
 6 A   0.0137   0.0411   0.0408  -0.0053  -0.0009  -0.0108  -0.0441   0.0488  -0.0067   0.0242   0.0394  -0.0382   0.0424   0.0578     0.02   0.1066   0.0371   0.0216   0.0329   0.0701
 7 A     0.02  -0.0629  -0.0562  -0.0285  -0.0311  -0.0797  -0.0448  -0.0122  -0.0125   0.0674   0.0587  -0.0924   0.0897    0.133   0.0458    0.077  -0.0435   0.0372   0.0491   0.0068
 8 A   0.0205  -0.0258  -0.0089  -0.0841  -0.0203  -0.0054  -0.0526  -0.0121  -0.0366  -0.0306   0.0225  -0.0822  -0.0001   0.0514   0.0333  -0.0073   0.0223  -0.0254   0.0567   0.0241
 9 A  -0.0327   0.2214  -0.0518   0.0138  -0.0881  -0.0754   0.0621  -0.1043    0.023  -0.0561  -0.0595   0.3905  -0.0221  -0.0065   0.0092  -0.0928  -0.1069   -0.053   0.1143  -0.0496
