            A        R        N        D        C        Q        E        G        H        I        L        K        M        F        P        S        T        W        Y        V
 1 A   0.0317   0.1028  -0.1175  -0.1127   0.0183  -0.0588  -0.0659  -0.0051   0.0214  -0.0375  -0.0329   0.1723   0.0524  -0.0283  -0.0939    0.066   0.0767  -0.0075  -0.0617  -0.0028
 2 A   0.0822  -0.1124   0.0486  -0.1252  -0.0785   0.0571  -0.0445   0.0255  -0.0072   0.0329   0.0763  -0.0319   0.2065   0.1702  -0.0274   0.1293   0.1307  -0.1444   0.1638   0.0312
 3 A  -0.0273  -0.0339   0.0887   -0.101   0.0945  -0.0447  -0.0931  -0.0706    0.062  -0.0059   0.0513   0.0572   0.0676   0.0595  -0.0439  -0.0265   0.0475    0.129   0.0434  -0.0902
 4 A   0.0233   0.0749   0.0169   0.0444   0.0802  -0.0724  -0.0187  -0.0602   0.0295   0.0531  -0.0013   0.0372   0.0544   0.0386  -0.0013   0.0262   0.0019   0.0784   0.0234   0.0093
 5 A   0.0174   0.0628  -0.0385  -0.0058   0.0836   0.0115  -0.0845   0.0154   0.0847   0.0728   0.0945  -0.0087    0.047   0.0901   0.0071   0.0079    0.047    0.046    0.079   0.0006
 6 A  -0.0619   0.0696   0.0117  -0.0233   0.0262   0.0137   -0.086   0.0513   0.0753   0.0581   0.0677   0.0762   0.0725   0.0753   0.0387   0.0341   0.0166   0.0347   0.1243   0.0004
 7 A   0.0225   0.0331  -0.0509  -0.0269   0.0463  -0.0096  -0.0325  -0.0142   0.0325   0.0151   0.0136  -0.0588  -0.0004   0.1537  -0.0576   0.0298    0.034    0.051   0.1458  -0.0214
 8 A   0.0168   0.0493   0.0531  -0.1109  -0.0615  -0.0094  -0.0141  -0.0281  -0.0109   0.0227   0.0443  -0.0271  -0.0467   0.0696   0.0117  -0.0579   0.0623  -0.0051   0.0876  -0.0217
 9 A   -0.024    0.395  -0.1677   0.0116  -0.1019  -0.0613   0.0361  -0.0743   0.0584  -0.0535   0.0205   0.1605   0.0345   0.0481  -0.0387  -0.0098  -0.0602   -0.022    0.055   0.0138
