            A        R        N        D        C        Q        E        G        H        I        L        K        M        F        P        S        T        W        Y        V
 1 A  -0.0022   0.1008  -0.1555   -0.111   -0.056   -0.055  -0.0805  -0.0397   0.0307   0.0569   0.0051   0.0296   0.0862  -0.0003   -0.167   0.0046  -0.0046  -0.0437   0.0063   0.0422
 2 A   0.0202  -0.0815  -0.1088  -0.1132  -0.1478   0.0466  -0.0147  -0.0584   0.0237   0.1857   0.1528   -0.078   0.1561    0.019   0.0426   0.0323    0.105  -0.0479  -0.0618   0.2405
 3 A  -0.0087  -0.0128   0.0793  -0.0433  -0.0338  -0.0773  -0.1275  -0.0288   0.0114  -0.0452   0.0047  -0.0143   0.0602   0.1084  -0.0817   0.0213  -0.0439   0.0586   0.0924  -0.0255
 4 A   0.0872   -0.027   0.0197   -0.024   0.0856  -0.0015  -0.0098   0.0135   0.0027  -0.0363   -0.002   0.0049  -0.0316  -0.0036   0.0613   0.0159  -0.0203    0.039   0.0195  -0.0256
 5 A  -0.0209   0.0914  -0.0449  -0.0218  -0.0025   0.0418  -0.0164   0.0029   0.0971   0.0115    0.006   0.0114   0.0825   -0.009   0.0136   0.0038   0.0043   0.0639   0.0415   0.0032
 6 A    0.037    0.047   0.0408  -0.0513   0.0161   0.0651  -0.0736  -0.0285   0.0084  -0.0062   0.0121  -0.0329   0.0457   0.0442   0.0108   0.0945   0.0536   0.0143   0.0385   0.0695
 7 A   0.0196   0.0564  -0.0456  -0.1608  -0.0625   0.0437  -0.1392   0.0225  -0.0006   0.0899   0.0723  -0.0429    0.074  -0.0097   0.0496   0.0985  -0.0014   0.0429  -0.0498  -0.0218
 8 A  -0.0129  -0.0335  -0.0137  -0.1291   0.0091   0.0208  -0.0568   0.0084  -0.0583  -0.0056   0.0419   0.0511  -0.0491   0.0038  -0.0341    0.001  -0.0533  -0.0076   0.0307   0.0409
 9 A   0.0001   0.0679  -0.1091    0.032  -0.1481  -0.0081   0.0478  -0.0601   0.1271  -0.0423   0.0092   0.2831  -0.0157   0.0256  -0.0154  -0.1308  -0.1751  -0.0014   0.1207  -0.0572
