            A        R        N        D        C        Q        E        G        H        I        L        K        M        F        P        S        T        W        Y        V
 1 A   0.0699   0.1258  -0.0386  -0.0447  -0.0315   0.0255  -0.0472   0.0082   0.1162  -0.0237  -0.0458   0.0177   0.1399   0.0651  -0.0279  -0.1078  -0.1271  -0.0241   0.1109   0.0137
 2 A   0.0405  -0.1638  -0.1596   -0.222  -0.0459   0.2813  -0.0685  -0.0222   0.3114   0.0901  -0.1264   0.1013  -0.0188   0.2369  -0.0226   0.0207   0.0852   0.2863   0.2401  -0.0036
 3 A  -0.0776  -0.0797   0.0263  -0.1338  -0.0799   0.1622  -0.0303  -0.0122    0.191   0.0508    0.061    0.056   0.1328  -0.0153   0.1779  -0.0612  -0.0106   0.0891  -0.0328   0.0072
 4 A  -0.0421   0.0947     0.17   0.0202   0.0833  -0.1443    0.103   0.0167   0.0805   0.1362   0.0782   0.0697   0.0211  -0.0521   0.1052   0.0162  -0.0133  -0.0597  -0.0841   0.0959
 5 A     0.03  -0.1998   0.1067   0.0776   0.0956   0.0106    0.191   0.0442   0.0295   0.1671   0.0353  -0.0097   -0.055    0.094   0.1025  -0.0787   0.1809    0.069   0.0148  -0.0181
 6 A  -0.0821  -0.0431   0.0453  -0.1793   0.1141  -0.1105   0.0964  -0.0401   0.1423    0.005   0.2381  -0.0485   0.1237   0.1785   0.0794    0.115   0.1132   0.0041     0.03   0.1508
 7 A  -0.0238  -0.0922   0.0048   0.0526  -0.1158   0.0579   0.2603  -0.0101   0.0255  -0.1029  -0.0591  -0.0134   -0.056  -0.0405   0.1286  -0.0382  -0.0317   0.2046   0.2721     0.14
 8 A   0.1104   0.0143   0.0418  -0.0961   0.0035   0.1162   0.0479  -0.0589   0.1878   -0.296  -0.1444    0.144  -0.0081   0.0011  -0.0327   0.0756   0.2219  -0.1471   0.0466   0.0535
 9 A   0.0662  -0.0816   0.0217   0.1975     -0.1  -0.0462   0.0415   0.0133    0.021  -0.0236   0.0372  -0.1437  -0.0319   0.1935  -0.1384  -0.0491   0.1362   0.5574  -0.0399  -0.1533
