            A        R        N        D        C        Q        E        G        H        I        L        K        M        F        P        S        T        W        Y        V
 1 A  -0.0021    0.041  -0.0663  -0.2596   0.0019  -0.1306  -0.1845  -0.0372  -0.0737  -0.0094  -0.0087  -0.0005   0.1367   0.1258  -0.1859   0.0669  -0.0547   0.0945   0.1057   0.0193
 2 A   0.0135  -0.0191  -0.2183  -0.1521  -0.2865   0.2226  -0.0751  -0.0714  -0.0597   0.2478   0.3623  -0.0143   0.3271  -0.0681   -0.207   0.0577    0.129   0.0677  -0.0872   0.0755
 3 A   0.0817   0.0754   0.0305  -0.0448  -0.0685  -0.0724  -0.1461  -0.1209  -0.0196   0.0407  -0.0791   0.0842   0.0798   0.0129  -0.0187   0.0233   -0.075   0.0288   0.0228    -0.01
 4 A   0.0219   -0.002   -0.022    0.064   0.0933  -0.1107   0.0617  -0.0111  -0.0398  -0.0098  -0.0387  -0.0277   0.0616   0.0147   0.0754  -0.0096   0.0137   0.0864  -0.0677  -0.0541
 5 A  -0.0063   0.0387  -0.0303  -0.0452    0.011  -0.0242  -0.0429   0.0863   0.0451   0.0975   0.0265  -0.0427   0.0466   0.0073  -0.1008   0.0474  -0.0181   0.1181   0.0794  -0.0019
 6 A   0.0124  -0.0037    0.017  -0.0377  -0.0182  -0.0097   -0.141  -0.0202  -0.0471   0.1026   0.1329  -0.0424   0.1267   0.0439   0.0648   0.1007   0.1024  -0.1783   0.0138   0.1178
 7 A   0.0416  -0.0604   0.0246  -0.0877  -0.0186  -0.0061  -0.0338     0.01   -0.014  -0.0367   0.0978  -0.1296   0.0133   0.0395  -0.0359   0.1065   0.0024   0.0347   0.0293    -0.01
 8 A  -0.0467   0.0159   0.0283  -0.0929  -0.0693   -0.102  -0.0432   0.0228  -0.1574  -0.0623   0.0106  -0.0768   0.0119   0.0019    0.132   0.1086  -0.0198   0.1011  -0.0079  -0.0691
 9 A   0.1977  -0.1265   0.0217   0.0595  -0.3189  -0.0871  -0.0778  -0.0025   0.0192   0.1743   0.1687  -0.1389   0.0309  -0.1056   0.0092  -0.0871   0.0474  -0.0054  -0.1504   0.2538
