TESTRUNID EPOCH: 99 L_PCC: 0.863032237778687 L_ERR: 0.011570701177548394 T_PCC: 0.8233667233623199 T_ERR: 0.014720713074688493
180 LAYER: 1
5 LAYER: 2
1 LAYER: 3
99 :ILEARN
0.03131912554217	-0.010314556721799893	-0.03580835149746594	-0.043425746388515145	-0.02031847003770979	
-0.21712368111240127	0.1098661719217126	-0.11820715446602932	-0.011959330350679294	-0.10237297827646996	
0.04750673409603421	-0.079331333066566	-0.007412774542394543	0.07694327254915073	0.01785961293421192	
0.49677701858345225	-0.8225663607853926	0.4839032414680705	-0.08930152317829554	0.7465611745989005	
-0.0022845659775197814	0.22548732197717283	-0.09069667760256024	0.04767899022480426	-0.0014248946296554184	
0.15891360208923339	-0.1952020401502313	0.0033556712442555075	-0.06720200194172796	0.19625256119797102	
0.249493086146982	-0.5253091746226832	0.4299430308738909	-0.0023268082506881357	0.6004968245110535	
-0.07319473096596006	0.07769214694463382	-0.011111804511061963	-0.0931743349756237	-0.023889267258216197	
0.15881546173582367	-0.060417636976275654	0.01619389427339724	0.05481285935203044	0.031524861920549006	
-0.010902919348135623	0.064273288386132	-0.039932857119655364	-0.03920855011730613	-0.038453121531628984	
-0.14996804626036625	0.05679790870062762	-0.08471377018394925	-0.04101993032448781	-0.08365444378381318	
-0.13685639134886865	0.05607140873726225	-0.10909997842875159	0.016229640669382213	0.0030848121899014133	
-0.3116704964055356	0.44085606914647163	-0.22602919499509913	0.0047810166587273625	-0.4988013883368221	
-0.2905771253101894	0.41787754375597647	-0.3429465039948702	0.08941083644956736	-0.40005519504714754	
0.3876306434705815	-0.6093013638387762	0.2309489016938695	0.03375883825227838	0.4748250743310286	
-0.08174640379608632	0.08906228861788404	-0.12819892272257352	0.04000976580060031	0.060239583675536994	
0.03288306896470933	-0.006812349331895121	0.06591972501865559	-0.022673038457806296	-0.0012642144255546558	
0.019740545756512566	0.06479979365596149	0.02742155933837475	0.03660961626436786	-0.06721602255490369	
-0.2495894852890427	0.3388164759274469	-0.19880806698153333	0.028258757828965142	-0.30662564988302443	
-0.040490406630950576	0.007590154911916832	0.04930303706771351	-0.10111245213873345	0.04959081666697041	
-0.08542693487079163	-0.003455547627904481	0.07632785306223949	0.00032639581064721965	0.15593749982088229	
0.1337001910233298	-0.2894038793666391	0.19624527807637995	0.0209533077843692	0.2691908855246116	
0.2990813558865155	-0.7072446688934875	0.4775511785937555	0.005794111573484144	0.5181068904388165	
0.1458598728036289	-0.1234555850871686	0.1735183739489371	0.025135531344067905	0.06482518383763167	
0.20821494414194416	-0.6395425770357465	0.20071217166833943	-0.09072315893753255	0.5725392988900951	
-0.2347360427358212	0.45325708657328284	-0.19019063078151727	-0.04190559866694385	-0.44962959958877485	
0.01715185429165758	0.09391914966393491	0.01220604385114199	-0.0962705421254114	0.060126534536123266	
0.021075415716636226	-0.06759137651424817	0.048515123615144755	0.06310942810616456	0.16878692084731708	
0.011248046798083777	-0.072708954867863	-0.08801646209755767	-0.07573130885185253	-0.09108962429104767	
-0.34136654091582497	0.29088625029851345	-0.20865232394243852	0.04563633435018616	-0.38938995411630256	
-0.5533008895298969	0.6452448951022597	-0.5371285110224936	-0.059606980301550205	-0.6395255462889881	
0.04876517081501858	-0.06091410377813625	0.01627178545465155	0.09400399781766247	0.06936576029800706	
-0.45182624722580245	0.6308372335217208	-0.4190007793144762	0.08900229218557759	-0.6877256008572478	
0.0089261291156777	-0.27728850383675474	0.10286770975108582	0.007002290042500794	0.18728432900750455	
0.5254256500449086	-0.8435492261608907	0.5916391008281063	-0.08751192564295865	0.8848968755678139	
0.29175258308816826	-0.3723590779292337	0.18769007862799503	-0.10279609421071303	0.3570713410216063	
-0.044243172968537144	0.07832333341960308	-0.020194057054853658	-0.04116080004650101	-0.14765820110166922	
0.06546684240394991	-0.06851953881968122	0.03270145243398153	0.005339180436705475	0.09285975264620112	
-0.047340645902577805	-0.08680778186319525	0.047013192657733904	0.05443560590864935	0.0815631705007048	
-0.07375717164617508	0.2387993690079209	-0.16539918007376186	0.07240006131434867	-0.15743655342937815	
-0.013845998532173614	0.20372984732655375	-0.054517458714909754	0.03665027878707089	-0.21007502900193384	
-0.01699275346911378	0.06518135752726979	-0.0015897416189372111	0.09540439566157961	0.03399236374234907	
-0.09668767534858612	0.18793221780200584	-0.12195588428654183	-0.0656941746792344	-0.15101898636497904	
0.17633649310872487	-0.3995477957589443	0.28177563435605957	0.05995567006347886	0.17937673791309416	
0.0845823519700433	-0.29417173005809305	0.0805282024510962	0.04815004687384191	0.21192217977903566	
0.19517188265360044	-0.12227752872134673	0.17497246623427307	0.06137726963413487	0.21210673819019488	
0.25617833576729104	-0.43788988993260386	0.3508604517907181	-0.05045333623754407	0.46176835696470575	
0.17265606037636164	-0.3328857496228199	0.17707151481341893	-0.021332796171632598	0.3013897491119114	
0.01961593212730816	0.004476206669925437	0.04862581958362492	-0.07086767399948996	0.12626548939086285	
-0.11602629481787817	0.0904957761191976	-0.14084409501619966	0.05228596613629977	-0.12278906026501239	
-0.0016590239962385768	-0.18004849292051758	0.1060972888356612	0.09942130423577719	0.4059580974811361	
-0.037835006435679955	0.2139330075944764	-0.08900142794920157	-0.033981096919909484	-0.21660367744977882	
-0.20796012732688848	0.38862958560741684	-0.18355157904007002	0.05884485982265368	-0.24984827311186197	
-0.06572133053420004	0.04953680986934365	-0.032776380688436656	-0.04213520481495625	-0.003668968482545696	
-0.029147256716079685	-0.05282596358324442	0.020344834538759418	-0.010595961600604605	0.10189869237939034	
-0.08833329343800055	0.03730540594200806	-0.1362273462941887	-0.021436212257923064	-0.1083337681890511	
0.17628660930016848	-0.10645024202603966	0.13075910533087784	-0.04736425873238791	0.1222501870999937	
0.05007318904930505	0.0466919383228773	0.0343662458119645	0.017066064123162934	0.003819700081390023	
-0.059706070949184044	0.1549075352457214	-0.10699949199876722	-0.021535632337286757	-0.08711343479212473	
-0.040920892243340584	-0.15314755789798298	-0.07637293419021415	0.09103717515491501	0.07544575637855769	
0.08316391669541173	-0.021635885340695764	0.03548182793847347	0.00468230434476068	-0.01578265583470662	
0.05254576947832873	-0.1308111890536487	0.012154747187277153	0.020570203470962535	0.07411580309265295	
0.14535343075179988	-0.041410275620319834	0.013661006451035412	-0.07984447701498153	0.08651307328190795	
-0.05220211770675843	0.12154769866729052	-0.13859593779014123	-0.04227632911846905	-0.07865800363318977	
-0.061305454989551963	0.10089745811266686	-0.12409648772953032	-0.07590779917253326	-0.0856759886061508	
0.04747265084966556	-0.14166511298603046	0.09198581629461221	0.010356384886345459	0.08994029052840202	
-0.08081135146554543	0.07318166919572061	-0.0637348684448137	0.012877500754721681	-0.04882141304041762	
-0.023640872420800547	-0.07485006156710113	0.12942099008669147	0.0628596441332975	0.10182282523360994	
0.06970162552115128	0.03721638458881828	0.06957607138103473	0.06809315963608524	-0.026285799681370892	
0.04320189128679355	-0.2250973031962521	0.082891883382604	0.05938617921618163	0.16463129037586607	
0.1668063957697681	-0.10031536334153635	0.010378027267735915	-0.04879903485864762	0.21097549066833252	
0.020822378168146066	-0.03709025681727678	0.061146381892303335	0.0556568948410158	0.19037725333036315	
-0.1458168734017692	0.1195867702224488	-0.03615966538242714	0.02418135836244934	-0.05800591753040675	
0.061996241792289554	0.042836135610279345	0.031804521767187045	0.005393713445081909	-0.02572139203936236	
-0.1418111325886544	0.06732237894816999	-0.16114266164334273	0.06077030311818246	-0.23394116597175163	
-0.015659749789798696	0.006117009375367926	0.0659954732035243	0.0412937147545288	0.017423942798599816	
-0.022765770954329956	0.019647917664343324	0.09980672241517342	-0.05366323073780689	-0.04847542756873473	
-0.1165175099131034	0.1689947586621548	-0.07879301490012793	-0.0806835560467848	-0.11469448628609631	
-0.03994752416607269	-0.047729633535994694	-0.02360518934425972	-0.12866880670412675	0.17116749718819418	
0.17833893856152366	-0.23782889023369708	0.16467523531300407	-0.0081938313461616	0.22110350210015906	
0.09879709139878257	0.014398028190650359	-0.05963794448217581	0.04217600615350463	0.05603777883454402	
0.03787466655524876	0.0017079822867221406	-0.09231121728806715	-0.06910302351340676	-0.054530355653596735	
0.04356694251532642	-0.1658214310547411	0.18553076365683796	0.043370196572906416	0.26246861184379044	
0.12014382212335599	-0.1247753732643392	0.13332177911213391	0.059818257205797434	0.23172335202196218	
-0.031935546307234774	-0.15624910187541058	-0.044862592099395825	-0.09417404681829564	0.04871735907588454	
-0.034707223357134116	-0.16037638151705932	0.0824625148136691	-0.022074872271153154	0.08816275128852169	
0.06634060970878052	-0.11572085745697991	0.07290634538377444	-0.008982208942857896	0.17492941963344968	
-0.044130769117152864	0.09438970246095055	-0.1257356529502805	0.06241074256162344	-0.08711279145408035	
-0.07344659697245592	0.103711209497643	-0.1055746913811366	-0.07869004640529861	-0.1102640957990499	
0.041277285083662435	0.10924450868203879	0.02486845911960977	-0.08493255616724436	-0.16499778187724395	
-0.0977510294034429	-0.054111702505551855	0.11407917921193457	0.11976310874494181	0.13827068345605728	
0.0342652957249372	0.05212539569562741	-0.04103196883781383	-0.04402388864217749	-0.052586952229752966	
-0.13610313276351232	0.09378610095304207	-0.13022502268889433	-0.049742407114456724	0.024820864057021	
-0.01943440306186972	-0.04450036650785825	0.022613604493658793	-0.003339163484140652	0.019147603962980646	
0.193222394561358	-0.2602422171095699	0.1231995089076001	-0.005882366784005969	0.3324272429314632	
-0.08698030988157006	0.04929549265456511	0.04946425530664945	-0.08526670236773357	0.02013319865418588	
0.04989203227159693	-0.08559169097538555	0.013427686733985306	0.005081771259567629	0.20378365923986644	
-0.09895746516785257	0.17071052251987043	-0.21408427757992854	0.03048642870206218	-0.24208492489604178	
-0.05827648090584404	0.08548634238636107	-0.06604817885320013	-0.06032904933694472	-0.06054727842471302	
0.14159529136251356	0.04411266419177732	0.07862446909045699	0.08210957710261914	0.040426833056598825	
-0.050799481336268895	-0.09334073207826489	-0.02046909506577455	-0.07517295035317774	0.1117981519249358	
0.14018312170734012	-0.2180125639613528	0.07545618016234962	0.03278156749405106	0.2194429338634797	
0.09340355856448385	-0.10415435499050389	-0.021504157618979107	-0.047092629412177296	0.10570959551717779	
0.18046129527160323	-0.2998296139731766	0.11244688592592696	0.007834373217899475	0.4208449000944644	
0.12543437465718235	-0.06819736179461763	0.15912648071551413	0.07817887201257141	0.1480585759082113	
-0.009439271268793625	-0.2765471143458478	0.006164374722045251	-0.02760154534765319	0.14470880533627206	
0.24370035247945668	-0.3172139705221569	0.25744241012252955	0.050068610268394445	0.3281828166551468	
0.11245140807905274	-0.12683565356691318	0.09887894010269443	-0.10395945823098429	0.1389463743455617	
0.11692168564196967	-0.1168623198655987	0.09565013058864404	-0.015086734923596419	0.07886800832262696	
-0.2685912427354042	0.18632582749434926	-0.15651812535647394	0.10552523323269272	-0.22862811282018056	
-0.2122311433877213	0.2611801996568961	-0.15178623434158253	-0.0012807508556029036	-0.36126691130329736	
0.2009390800495035	-0.3953303341892389	0.26412861514350866	0.04414829716887311	0.32782351561482326	
-0.27054559590749777	0.26172414253672666	-0.1048210051093129	-0.08092625481477982	-0.2682642382770812	
-0.10888423018493687	0.10736198739210387	-0.02773292803541996	0.046199671374106355	-0.19634816992265727	
-0.0648419272736521	0.1620098122587411	0.04164650429693079	0.030989408930364733	-0.024625758513349937	
-0.014985146664121887	-0.03381633640595307	-0.009070350417474699	0.04172241112652019	-0.07573513992862971	
-0.12966363222646027	0.2418012780080097	-0.16131284431557444	-0.015870927884161376	-0.2137582153477269	
0.1221744521882552	-0.18447786719052045	0.11112780542533438	-0.07578081916723702	0.2761964633539807	
-0.07998527838105483	0.06655915353397346	-0.01338959014312927	-0.05223635473174372	-0.07201068149225698	
-0.16861347868765794	0.14882710119881123	-0.21029488306270153	-0.09708027795766867	-0.29752078735597476	
-0.03611116846433614	0.09092843203429685	-0.1825672626213002	-0.09391430105772122	-0.04948058347092674	
0.13340806278624948	-0.03311146175008722	0.04701807970477717	-0.038396948251660984	0.16232553928657048	
-0.05501662551165887	0.09614298354737695	-0.00983362463541573	-0.003810493193155141	-0.09468150386422752	
0.20077949632065165	-0.21230316354465237	0.04091522825181867	-0.010406063919525973	0.14064943041076564	
-0.006218441009544222	-0.16864959212834008	0.027740668129729067	0.015230839794074382	0.26578074936343765	
-0.09175065329955814	0.0768064564002702	0.0021406180377471886	0.03355826497116437	-0.02940263557773113	
-0.015444469713211695	-0.03120565668913171	0.1164966714238363	-0.00456431620381976	0.12096386904236021	
-0.05603126615773141	0.03462626054470326	-0.07903353143820459	-0.027201706778505492	-0.03931632032802823	
-0.02298574432076704	-0.037186078993474744	0.006899939574191281	-0.008108230149063487	0.09283960408829857	
-0.02443085070677754	-0.12032050140598957	-0.042584106604553425	0.0008728400170616325	0.04246959593443907	
-0.11595322500206821	-0.0444504947992759	0.04001700413487805	-0.06851616420014331	0.08586613907198039	
0.13551721171035144	-0.24846691151684921	0.12378544168686369	0.05665650342389766	0.182907069156344	
-0.06926669999951166	0.12979488936450517	-0.12176468150425318	0.020289616311984733	-0.1564169289206442	
0.10055642733203629	-0.06647805747730554	-0.00922531542914634	0.06874032515708212	0.01329600060589046	
0.10534898617219206	-0.08606840119930084	0.03766727299621118	0.050459776081648575	0.08134102811841322	
-0.02969426163274559	0.14728398486254315	-0.2482040332524085	0.09070003382197411	-0.10962053288018762	
-0.10585548512499392	0.1697975117770651	-0.11369225599086498	0.07759537099208616	-0.23657231365904782	
0.08949320962999464	0.026395416104873573	0.048227107182102935	-0.01535078356732331	0.1079962338945291	
-0.030620455078320792	-0.043390341186858375	0.14001375531596993	-0.050779118942420716	0.03632053068113668	
-0.03496848364686888	-0.0801751159122063	0.11164915019020714	0.01951665139877316	0.02292672439409204	
-0.08744189314467295	-0.07881221656384922	0.015150177477562659	-0.035757710271672724	0.044614220132529074	
-0.00793708440406267	0.03875280959193611	-0.012880863619843374	-0.023104544809445876	0.09058738569794497	
-0.09899908015495038	0.04507057177233138	-0.09375665839213775	0.034401808709984945	0.036306691137822575	
0.20521543965262493	-0.24119418693082195	0.22533111291868682	0.027417086830808995	0.25161553916912477	
0.10446237644718659	-0.10656893737768633	0.13851054175909397	0.044349394463700134	0.16004030821584725	
0.14246379960052044	-0.14275134386219449	0.07023748517818057	0.003395596935116485	0.2645630365405829	
0.00694746654907281	-0.07305632767527119	0.06024501702750114	-0.04662179051210908	0.04155135239574975	
-0.04986463176984246	0.19159342885473546	-0.07241343798521707	0.06834798297864594	-0.19443888757791072	
0.2795796095941836	-0.3713473365030048	0.15428705337115053	0.06900061177788869	0.18732324873017478	
0.06691411233238587	0.027138160960927134	0.03723966115019619	-0.04186019635704609	0.1191348868885429	
-0.12000951147446176	-0.0644633610431544	-0.011511949194451138	0.08554561266851365	-0.026129016546106398	
0.08417001957585403	-0.02958802354611634	0.07210785871587125	-0.011544092989749524	0.03718432524478439	
-0.025044901325081328	0.0486088904793011	-0.01103830771482298	-0.08313775080325447	-0.05904846880618323	
-0.1454125597228192	-0.03391018915080226	0.05870070968264748	0.05896798990561878	0.08040660335544023	
-0.08263958748427738	0.2372541784659245	-0.1061684522964539	-0.002817654046088341	-0.2041896449141874	
-0.07584408972680388	0.050989513109995006	-0.1283372715993466	-0.014151059026235549	-0.19821460990005435	
-0.053455704409528515	0.06701038454634325	-0.1393182923421704	0.06369080032572458	0.15472557163382433	
-0.13317354388020064	0.24869560709620742	-0.08853034536303118	-0.04385621569172439	-0.10881168884624946	
-0.039937972406757144	-0.04015953169449252	-0.05431053890766671	0.049816340647656394	-0.049915517986964385	
0.15473312127021274	-0.17049399258644388	0.06694482821233674	0.0025520184586815026	0.20726126710442647	
-0.2079333827944898	0.39376225907474055	-0.3352897235799434	0.11670024228372716	-0.4287739950669209	
0.5223487511945244	-0.7697661743958923	0.46025637914574724	-0.010497125261115684	0.6245961878656968	
-0.09724649748845665	-0.016655207525860777	0.0876963783713468	-0.03139437803391869	0.055948859096520004	
-0.06505273743451852	-0.031609432739509516	-0.07108045583238065	0.043354162829275206	0.03986152473936283	
0.17918400600782164	-0.30198065543272673	0.1842990058228125	-0.07507841928200737	0.21308797345278346	
-0.025615575666462553	-0.02893841767597556	-0.08846903855174873	0.02632932537318794	0.04146332053633989	
0.022717738900567122	0.0296625512326249	-0.06601185715654845	-0.07011064021222752	0.00283500870517657	
0.07506654527090781	-0.0632093116905556	-0.007432176258348022	-0.014213533194019412	-0.0005421628160967307	
-0.06769784590279762	-0.031511871773037894	-0.04762391917929596	0.0689053886458958	0.06006644915528034	
-0.30179502522981927	0.45823768207053267	-0.3897891087427282	0.016497876234267305	-0.41910326538548276	
-0.22254248429371043	0.43438089369363814	-0.27142463089565877	-0.028946828324590345	-0.4628505376064764	
0.47483634391886903	-0.47026605791306314	0.42038154306198355	-0.0872776367470393	0.5846707578751863	
-0.06502401028711607	0.11679051225038513	-0.08281347290365455	0.046528653718506355	0.018506126859898414	
0.22419660615895737	-0.2727167795844106	0.2691537784752199	-0.10451986394099966	0.364211128164506	
-0.0894010914664021	-0.06010089077228773	-0.015449467671087819	-0.07849822476296647	0.02473408219954036	
0.029958663576720237	-0.25553640036312614	0.03308944738932066	0.034078812319737486	0.24059128444219932	
-0.08271049500198915	0.09179026043035371	0.02070862009661657	0.008352002281992297	-0.02865483617584738	
0.05527740658355787	-0.09722450867283249	-0.03663217292268594	0.021008471152653592	0.06467958027916801	
0.413489149480734	-0.817785219749807	0.44896366727490417	-0.056921816017765386	0.8458804353698398	
-0.5924539658896568	0.6445075695679626	-0.5442518624018652	0.0834477476627456	-0.6231790073204143	
0.15664424020018683	-0.7033011422874553	0.0983435060974615	0.09250154727998978	0.8057831514230477	
-1.8514323413491376	3.5290180628487784	-1.8448078719833034	0.40496550257148745	-3.0151658049676286	
0.8323235890669216	
